par-text-partials-format
point-type time frequency amplitude
partials-count 82
partials-data
0 18 0.000000 0.394739
0.000000 1184.326172 0.002119 0.023220 1185.038208 0.003621 0.046440 1185.618652 0.003326 0.069660 1185.706421 0.002275 0.092880 1183.994141 0.001189 0.116100 1177.594604 0.000852 0.139320 1181.478638 0.001702 0.162540 1184.954224 0.002678 0.185760 1185.679199 0.003480 0.208980 1185.870972 0.003977 0.232200 1185.973511 0.004105 0.255419 1186.001587 0.003864 0.278639 1185.887085 0.003296 0.301859 1185.571167 0.002488 0.325079 1184.654419 0.001589 0.348299 1181.455933 0.000947 0.371519 1179.773193 0.001099 0.394739 1183.280762 0.000927
1 18 0.000000 0.394739
0.000000 2519.384766 0.003973 0.023220 2523.972900 0.007338 0.046440 2527.206299 0.008099 0.069660 2528.705811 0.009191 0.092880 2528.248779 0.010150 0.116100 2528.004395 0.010066 0.139320 2528.008789 0.009304 0.162540 2527.744385 0.008329 0.185760 2527.315674 0.007234 0.208980 2527.023438 0.006448 0.232200 2526.841064 0.006169 0.255419 2527.127930 0.006288 0.278639 2527.583252 0.006683 0.301859 2528.055420 0.007033 0.325079 2528.304199 0.007415 0.348299 2528.156982 0.007113 0.371519 2528.524414 0.006685 0.394739 2525.153809 0.005322
2 18 0.000000 0.394739
0.000000 2530.151367 0.004358 0.023220 2528.908203 0.009903 0.046440 2528.892822 0.013419 0.069660 2528.912354 0.015133 0.092880 2528.705078 0.015996 0.116100 2528.555908 0.015739 0.139320 2528.434326 0.014195 0.162540 2528.020020 0.011842 0.185760 2527.322998 0.009560 0.208980 2526.574951 0.008005 0.232200 2526.114014 0.007664 0.255419 2526.637207 0.008523 0.278639 2527.552490 0.009841 0.301859 2528.208496 0.011074 0.325079 2528.580078 0.011849 0.348299 2528.814209 0.011760 0.371519 2528.989014 0.010523 0.394739 2529.297363 0.006375
3 18 0.000000 0.394739
0.000000 2540.917969 0.003054 0.023220 2533.488281 0.005053 0.046440 2530.624756 0.005912 0.069660 2529.553711 0.006383 0.092880 2529.030273 0.006509 0.116100 2529.142090 0.006419 0.139320 2529.203613 0.005625 0.162540 2528.682129 0.004217 0.185760 2527.382812 0.002951 0.208980 2526.152832 0.002062 0.232200 2523.836182 0.001905 0.255419 2525.905273 0.002705 0.278639 2527.839111 0.003617 0.301859 2528.603271 0.004404 0.325079 2529.100830 0.004940 0.348299 2529.399902 0.005046 0.371519 2529.692871 0.004978 0.394739 2533.257080 0.004410
4 18 0.000000 0.394739
0.000000 3789.843750 0.003389 0.023220 3791.158447 0.002418 0.046440 3798.409668 0.000212 0.069660 3789.350098 0.000018 0.092880 3783.971680 0.000013 0.116100 3794.107666 0.000005 0.139320 3807.549072 0.000001 0.162540 3788.524658 0.000001 0.185760 3769.425537 0.000001 0.208980 3791.489990 0.000001 0.232200 3792.717041 0.000001 0.255419 3809.573730 0.000000 0.278639 3792.154053 0.000001 0.301859 3790.713379 0.000001 0.325079 3795.208252 0.000001 0.348299 3793.125977 0.000001 0.371519 3789.934326 0.000018 0.394739 3789.692139 0.000052
5 18 0.000000 0.394739
0.000000 3800.610352 0.004194 0.023220 3802.053711 0.003256 0.046440 3807.007812 0.000399 0.069660 3792.410400 0.000094 0.092880 3821.475586 0.000015 0.116100 3791.329346 0.000007 0.139320 3786.133545 0.000001 0.162540 3805.420410 0.000002 0.185760 3806.809570 0.000001 0.208980 3783.861816 0.000001 0.232200 3802.474609 0.000002 0.255419 3806.069092 0.000001 0.278639 3780.511963 0.000000 0.301859 3803.661865 0.000002 0.325079 3802.171875 0.000001 0.348299 3780.194092 0.000001 0.371519 3781.560791 0.000016 0.394739 3800.583252 0.000052
6 18 0.000000 0.394739
0.000000 3811.376953 0.005324 0.023220 3813.439697 0.004811 0.046440 3819.291992 0.000925 0.069660 3829.592285 0.000299 0.092880 3829.792480 0.000048 0.116100 3824.691162 0.000009 0.139320 3807.947266 0.000002 0.162540 3815.522705 0.000003 0.185760 3810.352783 0.000002 0.208980 3811.393555 0.000002 0.232200 3813.721191 0.000003 0.255419 3810.571533 0.000002 0.278639 3810.520020 0.000001 0.301859 3809.748535 0.000002 0.325079 3812.366699 0.000002 0.348299 3812.074463 0.000001 0.371519 3814.017822 0.000018 0.394739 3811.796631 0.000053
7 18 0.000000 0.394739
0.000000 3822.143555 0.006153 0.023220 3823.406982 0.007585 0.046440 3825.929443 0.003003 0.069660 3829.637939 0.000715 0.092880 3829.750977 0.000115 0.116100 3826.798340 0.000016 0.139320 3833.321045 0.000006 0.162540 3823.460205 0.000005 0.185760 3830.271973 0.000002 0.208980 3828.021973 0.000003 0.232200 3820.838135 0.000002 0.255419 3807.134521 0.000001 0.278639 3819.495605 0.000001 0.301859 3838.726074 0.000001 0.325079 3820.542725 0.000002 0.348299 3838.434570 0.000000 0.371519 3814.516602 0.000018 0.394739 3821.982910 0.000053
8 18 0.000000 0.394739
0.000000 3832.910156 0.005999 0.023220 3831.825195 0.008050 0.046440 3831.105957 0.003861 0.069660 3831.348145 0.000911 0.092880 3830.524902 0.000102 0.116100 3826.254883 0.000026 0.139320 3852.982910 0.000002 0.162540 3840.519531 0.000007 0.185760 3833.726318 0.000002 0.208980 3817.277588 0.000002 0.232200 3831.891602 0.000002 0.255419 3835.757812 0.000001 0.278639 3832.789795 0.000001 0.301859 3827.157227 0.000001 0.325079 3832.386475 0.000001 0.348299 3825.797363 0.000001 0.371519 3850.679932 0.000017 0.394739 3833.165527 0.000054
9 18 0.000000 0.394739
0.000000 3843.676758 0.004907 0.023220 3840.729492 0.005035 0.046440 3835.366211 0.001850 0.069660 3833.396973 0.000690 0.092880 3840.852539 0.000066 0.116100 3856.161377 0.000034 0.139320 3845.451904 0.000015 0.162540 3845.375000 0.000009 0.185760 3843.289551 0.000003 0.208980 3843.577393 0.000001 0.232200 3835.208252 0.000002 0.255419 3842.056152 0.000002 0.278639 3844.146973 0.000000 0.301859 3850.078125 0.000001 0.325079 3838.079346 0.000001 0.348299 3851.541504 0.000000 0.371519 3851.639893 0.000019 0.394739 3844.034668 0.000055
10 3 0.000000 0.046440
0.000000 3854.443359 0.003609 0.023220 3852.493896 0.002591 0.046440 3844.500000 0.000274
11 18 0.000000 0.394739
0.000000 4349.707031 0.003499 0.023220 4350.947754 0.001862 0.046440 4363.390625 0.000056 0.069660 4330.011230 0.000058 0.092880 4363.909180 0.000059 0.116100 4365.572754 0.000050 0.139320 4365.216797 0.000049 0.162540 4365.077148 0.000049 0.185760 4365.620117 0.000048 0.208980 4365.552246 0.000046 0.232200 4365.479492 0.000040 0.255419 4365.786133 0.000037 0.278639 4365.460449 0.000034 0.301859 4365.137207 0.000031 0.325079 4364.791504 0.000025 0.348299 4365.146484 0.000027 0.371519 4336.860352 0.000206 0.394739 4351.905273 0.000628
12 18 0.000000 0.394739
0.000000 4360.473633 0.004091 0.023220 4361.488281 0.002119 0.046440 4380.683105 0.000050 0.069660 4366.273926 0.000103 0.092880 4364.448242 0.000105 0.116100 4365.140137 0.000097 0.139320 4365.150879 0.000087 0.162540 4365.945312 0.000085 0.185760 4365.281738 0.000089 0.208980 4365.724609 0.000085 0.232200 4365.303223 0.000073 0.255419 4366.112793 0.000072 0.278639 4365.144531 0.000060 0.301859 4364.352539 0.000061 0.325079 4363.354492 0.000064 0.348299 4365.982910 0.000094 0.371519 4346.685059 0.000181 0.394739 4362.088379 0.000720
13 18 0.000000 0.394739
0.000000 4371.240234 0.004887 0.023220 4372.485352 0.002308 0.046440 4391.851074 0.000231 0.069660 4367.110840 0.000263 0.092880 4363.357422 0.000241 0.116100 4365.838379 0.000212 0.139320 4364.127930 0.000191 0.162540 4366.389160 0.000205 0.185760 4365.309082 0.000197 0.208980 4365.247070 0.000182 0.232200 4365.058105 0.000179 0.255419 4367.899414 0.000148 0.278639 4361.211914 0.000137 0.301859 4368.969238 0.000205 0.325079 4365.391113 0.000082 0.348299 4366.200195 0.000160 0.371519 4391.140137 0.000326 0.394739 4375.571289 0.001111
14 18 0.000000 0.394739
0.000000 4382.006836 0.006238 0.023220 4382.839355 0.002846 0.046440 4360.727539 0.000690 0.069660 4363.322754 0.000733 0.092880 4367.011230 0.000815 0.116100 4361.631836 0.000766 0.139320 4368.182617 0.000455 0.162540 4365.281738 0.000681 0.185760 4363.723633 0.000614 0.208980 4367.126953 0.000520 0.232200 4364.963867 0.000609 0.255419 4362.642578 0.000343 0.278639 4371.204102 0.000612 0.301859 4402.353027 0.000412 0.325079 4368.000488 0.000415 0.348299 4367.953125 0.000261 0.371519 4401.965820 0.001009 0.394739 4383.658203 0.001739
15 18 0.000000 0.394739
0.000000 4392.773438 0.012707 0.023220 4400.086426 0.009373 0.046440 4407.278320 0.007027 0.069660 4407.715332 0.006247 0.092880 4408.084961 0.005132 0.116100 4409.535156 0.004815 0.139320 4407.697754 0.005205 0.162540 4407.905273 0.004397 0.185760 4409.328125 0.004051 0.208980 4408.650391 0.004029 0.232200 4408.939941 0.003779 0.255419 4408.230957 0.004134 0.278639 4407.032715 0.003391 0.301859 4409.771484 0.002947 0.325079 4408.175781 0.003041 0.348299 4407.751465 0.002861 0.371519 4409.703613 0.002902 0.394739 4401.636719 0.004041
16 18 0.000000 0.394739
0.000000 4403.540039 0.019857 0.023220 4406.204102 0.028596 0.046440 4407.361816 0.024818 0.069660 4406.888184 0.021349 0.092880 4407.280762 0.021746 0.116100 4408.580078 0.024038 0.139320 4409.066406 0.025299 0.162540 4409.247070 0.023324 0.185760 4409.202637 0.019875 0.208980 4408.463867 0.016681 0.232200 4407.719727 0.015199 0.255419 4407.635742 0.015861 0.278639 4408.283691 0.016359 0.301859 4409.183105 0.016053 0.325079 4409.252441 0.014879 0.348299 4408.811035 0.012265 0.371519 4407.837402 0.009684 0.394739 4405.555176 0.005923
17 18 0.000000 0.394739
0.000000 4414.306641 0.020516 0.023220 4411.941406 0.028471 0.046440 4409.138672 0.019837 0.069660 4405.013672 0.014118 0.092880 4405.945312 0.019157 0.116100 4408.973633 0.025152 0.139320 4409.910156 0.027621 0.162540 4410.105469 0.025677 0.185760 4409.771973 0.020267 0.208980 4408.444824 0.014194 0.232200 4406.248535 0.011722 0.255419 4406.895508 0.013938 0.278639 4408.730469 0.016594 0.301859 4409.640137 0.017594 0.325079 4410.075195 0.016179 0.348299 4409.815430 0.012039 0.371519 4407.904785 0.007468 0.394739 4408.323242 0.004934
18 18 0.000000 0.394739
0.000000 4425.073242 0.014224 0.023220 4419.285645 0.010635 0.046440 4413.854492 0.004429 0.069660 4423.116699 0.001112 0.092880 4418.690430 0.004088 0.116100 4412.028320 0.006477 0.139320 4411.624023 0.007485 0.162540 4411.725098 0.007036 0.185760 4411.653809 0.005108 0.208980 4411.176758 0.002397 0.232200 4439.018555 0.000554 0.255419 4407.720215 0.002561 0.278639 4410.689941 0.003839 0.301859 4410.912109 0.004571 0.325079 4411.725586 0.004595 0.348299 4412.715332 0.003344 0.371519 4413.112793 0.000820 0.394739 4444.324707 0.002216
19 18 0.000000 0.394739
0.000000 4435.839844 0.007608 0.023220 4433.489746 0.003382 0.046440 4454.878906 0.000832 0.069660 4454.886230 0.000723 0.092880 4449.625977 0.000574 0.116100 4450.582520 0.000511 0.139320 4451.747070 0.000522 0.162540 4450.455566 0.000510 0.185760 4452.004395 0.000599 0.208980 4452.483887 0.000575 0.232200 4452.923340 0.000498 0.255419 4450.669434 0.000369 0.278639 4450.657715 0.000401 0.301859 4452.947754 0.000398 0.325079 4450.596191 0.000222 0.348299 4448.693848 0.000360 0.371519 4454.541504 0.000859 0.394739 4430.030273 0.001278
20 18 0.000000 0.394739
0.000000 4446.606445 0.005733 0.023220 4445.580078 0.002776 0.046440 4463.625000 0.000289 0.069660 4452.000000 0.000257 0.092880 4452.537598 0.000172 0.116100 4451.080566 0.000192 0.139320 4450.505371 0.000181 0.162540 4451.556152 0.000181 0.185760 4451.734375 0.000189 0.208980 4452.374023 0.000193 0.232200 4451.852051 0.000160 0.255419 4451.777344 0.000135 0.278639 4451.169434 0.000135 0.301859 4451.908203 0.000122 0.325079 4450.385742 0.000110 0.348299 4450.301270 0.000114 0.371519 4459.081055 0.000417 0.394739 4445.212891 0.001014
21 18 0.000000 0.394739
0.000000 4457.373047 0.004979 0.023220 4456.690918 0.002558 0.046440 4472.272949 0.000054 0.069660 4455.622070 0.000100 0.092880 4451.581543 0.000093 0.116100 4450.299805 0.000085 0.139320 4451.021973 0.000079 0.162540 4451.361816 0.000083 0.185760 4451.607910 0.000086 0.208980 4452.202148 0.000084 0.232200 4452.047852 0.000073 0.255419 4451.433105 0.000064 0.278639 4451.187012 0.000060 0.301859 4451.589844 0.000054 0.325079 4450.915527 0.000048 0.348299 4450.881348 0.000052 0.371519 4466.122559 0.000250 0.394739 4456.251465 0.000734
22 18 0.000000 0.394739
0.000000 4468.139648 0.004480 0.023220 4467.393555 0.002316 0.046440 4446.751953 0.000056 0.069660 4448.146973 0.000056 0.092880 4451.659180 0.000052 0.116100 4450.918457 0.000048 0.139320 4451.035156 0.000045 0.162540 4451.613770 0.000046 0.185760 4451.432617 0.000047 0.208980 4452.259766 0.000046 0.232200 4451.996094 0.000040 0.255419 4451.500977 0.000035 0.278639 4451.395020 0.000033 0.301859 4451.498535 0.000030 0.325079 4450.922852 0.000027 0.348299 4450.896484 0.000029 0.371519 4474.965820 0.000187 0.394739 4466.836426 0.000612
23 18 0.000000 0.394739
0.000000 4478.906250 0.004124 0.023220 4478.541016 0.002175 0.046440 4494.071777 0.000052 0.069660 4499.107910 0.000028 0.092880 4493.892578 0.000032 0.116100 4493.249023 0.000029 0.139320 4494.421875 0.000027 0.162540 4494.276367 0.000027 0.185760 4495.175293 0.000028 0.208980 4494.839355 0.000028 0.232200 4494.966309 0.000024 0.255419 4494.772461 0.000021 0.278639 4494.402344 0.000020 0.301859 4494.667969 0.000018 0.325079 4493.638184 0.000017 0.348299 4494.070801 0.000017 0.371519 4483.750488 0.000168 0.394739 4477.061523 0.000516
24 18 0.000000 0.394739
0.000000 4489.672852 0.003879 0.023220 4489.343750 0.002101 0.046440 4501.289551 0.000019 0.069660 4502.409180 0.000027 0.092880 4493.032715 0.000021 0.116100 4494.552246 0.000018 0.139320 4494.448242 0.000018 0.162540 4494.587891 0.000019 0.185760 4494.506348 0.000019 0.208980 4495.352051 0.000017 0.232200 4495.225586 0.000015 0.255419 4494.543457 0.000014 0.278639 4494.401855 0.000013 0.301859 4494.465332 0.000012 0.325079 4494.395996 0.000011 0.348299 4494.153320 0.000012 0.371519 4491.116211 0.000156 0.394739 4488.326660 0.000445
25 18 0.000000 0.394739
0.000000 4500.439453 0.003658 0.023220 4500.098633 0.002027 0.046440 4507.600098 0.000021 0.069660 4507.655273 0.000016 0.092880 4494.352051 0.000013 0.116100 4494.201660 0.000012 0.139320 4493.952637 0.000011 0.162540 4494.405762 0.000011 0.185760 4494.007324 0.000012 0.208980 4495.316406 0.000013 0.232200 4495.115234 0.000011 0.255419 4494.815918 0.000010 0.278639 4494.300781 0.000009 0.301859 4494.446777 0.000008 0.325079 4494.216797 0.000007 0.348299 4493.500000 0.000007 0.371519 4499.848633 0.000137 0.394739 4499.479004 0.000397
26 18 0.000000 0.394739
0.000000 4511.206055 0.003412 0.023220 4510.705566 0.001945 0.046440 4511.711426 0.000031 0.069660 4514.428223 0.000013 0.092880 4494.913574 0.000009 0.116100 4493.444336 0.000010 0.139320 4494.489746 0.000009 0.162540 4493.835938 0.000010 0.185760 4496.463867 0.000009 0.208980 4493.830566 0.000008 0.232200 4495.253418 0.000007 0.255419 4494.339844 0.000007 0.278639 4494.953125 0.000007 0.301859 4494.316406 0.000006 0.325079 4493.288574 0.000005 0.348299 4495.388672 0.000006 0.371519 4506.858887 0.000119 0.394739 4510.541504 0.000351
27 18 0.000000 0.394739
0.000000 6653.759766 0.003263 0.023220 6653.866699 0.001705 0.046440 6648.518555 0.000041 0.069660 6655.972168 0.000002 0.092880 6643.914551 0.000016 0.116100 6673.953613 0.000021 0.139320 6669.853516 0.000014 0.162540 6659.914062 0.000008 0.185760 6662.547852 0.000004 0.208980 6654.260742 0.000002 0.232200 6670.254883 0.000001 0.255419 6636.330078 0.000002 0.278639 6645.635254 0.000001 0.301859 6668.080078 0.000002 0.325079 6653.548340 0.000000 0.348299 6658.655273 0.000001 0.371519 6652.797363 0.000007 0.394739 6654.668945 0.000023
28 18 0.000000 0.394739
0.000000 6664.526367 0.003348 0.023220 6664.404785 0.001687 0.046440 6658.662598 0.000105 0.069660 6644.608887 0.000026 0.092880 6657.465332 0.000031 0.116100 6671.784668 0.000038 0.139320 6669.248535 0.000030 0.162540 6659.269531 0.000013 0.185760 6662.449219 0.000007 0.208980 6652.952637 0.000006 0.232200 6682.994629 0.000000 0.255419 6670.470703 0.000004 0.278639 6671.439453 0.000002 0.301859 6666.375488 0.000001 0.325079 6680.268555 0.000005 0.348299 6673.924805 0.000004 0.371519 6680.067871 0.000014 0.394739 6667.269531 0.000026
29 18 0.000000 0.394739
0.000000 6675.292969 0.003695 0.023220 6676.353516 0.001219 0.046440 6658.964844 0.000495 0.069660 6683.595703 0.000090 0.092880 6671.691406 0.000107 0.116100 6673.811523 0.000059 0.139320 6662.732910 0.000078 0.162540 6663.616211 0.000038 0.185760 6658.471680 0.000027 0.208980 6654.282715 0.000012 0.232200 6659.544922 0.000002 0.255419 6692.963867 0.000012 0.278639 6684.141113 0.000011 0.301859 6677.988770 0.000011 0.325079 6669.584961 0.000013 0.348299 6682.397461 0.000026 0.371519 6677.201172 0.000027 0.394739 6674.572754 0.000020
30 18 0.000000 0.394739
0.000000 6686.059570 0.005948 0.023220 6691.986816 0.003619 0.046440 6696.409180 0.001380 0.069660 6693.939941 0.000527 0.092880 6698.900391 0.000239 0.116100 6690.701172 0.000516 0.139320 6704.639160 0.000416 0.162540 6701.523438 0.000262 0.185760 6700.563965 0.000082 0.208980 6706.303711 0.000034 0.232200 6705.744629 0.000037 0.255419 6696.053711 0.000081 0.278639 6697.174805 0.000090 0.301859 6696.543945 0.000097 0.325079 6696.560059 0.000065 0.348299 6699.625977 0.000023 0.371519 6698.999512 0.000042 0.394739 6693.296387 0.000020
31 18 0.000000 0.394739
0.000000 6696.826172 0.008613 0.023220 6697.262207 0.008102 0.046440 6701.335449 0.005164 0.069660 6707.862305 0.003543 0.092880 6710.008301 0.004373 0.116100 6706.857422 0.003527 0.139320 6704.259277 0.001808 0.162540 6703.083496 0.000811 0.185760 6702.541016 0.000264 0.208980 6705.833984 0.000063 0.232200 6688.561523 0.000110 0.255419 6700.014160 0.000156 0.278639 6699.844727 0.000302 0.301859 6700.347168 0.000209 0.325079 6698.123047 0.000156 0.348299 6698.496582 0.000058 0.371519 6696.492188 0.000064 0.394739 6695.122070 0.000053
32 18 0.000000 0.394739
0.000000 6707.592773 0.012565 0.023220 6712.965820 0.005222 0.046440 6726.448730 0.012920 0.069660 6713.171387 0.016092 0.092880 6712.049316 0.011552 0.116100 6709.036621 0.004987 0.139320 6702.784668 0.001627 0.162540 6702.310547 0.001355 0.185760 6712.280762 0.000840 0.208980 6721.929199 0.000566 0.232200 6720.909668 0.000513 0.255419 6720.107422 0.000660 0.278639 6715.003906 0.000274 0.301859 6686.995117 0.000364 0.325079 6714.939453 0.000221 0.348299 6725.087402 0.000194 0.371519 6719.145996 0.000121 0.394739 6719.289062 0.000142
33 18 0.000000 0.394739
0.000000 6718.359375 0.016965 0.023220 6720.695801 0.021576 0.046440 6720.321777 0.021033 0.069660 6716.584961 0.019047 0.092880 6715.413086 0.010980 0.116100 6713.471191 0.002474 0.139320 6704.868164 0.000671 0.162540 6729.241699 0.001115 0.185760 6718.855469 0.001880 0.208980 6720.596680 0.001773 0.232200 6721.316406 0.001639 0.255419 6720.583984 0.001399 0.278639 6720.852539 0.000981 0.301859 6721.845703 0.000792 0.325079 6720.552734 0.000655 0.348299 6721.147461 0.000508 0.371519 6721.233398 0.000410 0.394739 6721.025391 0.000245
34 18 0.000000 0.394739
0.000000 6729.125977 0.017245 0.023220 6726.441895 0.018799 0.046440 6720.175293 0.009491 0.069660 6717.232422 0.007447 0.092880 6719.821777 0.005392 0.116100 6721.275879 0.001911 0.139320 6733.606934 0.000666 0.162540 6724.894043 0.001039 0.185760 6722.901367 0.001239 0.208980 6721.571777 0.001335 0.232200 6721.755371 0.001214 0.255419 6721.483887 0.000955 0.278639 6720.947754 0.000739 0.301859 6721.158691 0.000580 0.325079 6721.056641 0.000441 0.348299 6720.546875 0.000373 0.371519 6721.671387 0.000329 0.394739 6724.417969 0.000236
35 18 0.000000 0.394739
0.000000 6739.892578 0.013134 0.023220 6737.059082 0.007523 0.046440 6728.854980 0.001391 0.069660 6742.204590 0.000249 0.092880 6729.383789 0.000984 0.116100 6722.812988 0.000788 0.139320 6723.114258 0.000371 0.162540 6725.770020 0.000197 0.185760 6722.156250 0.000168 0.208980 6722.983398 0.000162 0.232200 6724.915039 0.000170 0.255419 6723.193848 0.000114 0.278639 6720.723633 0.000065 0.301859 6720.462402 0.000081 0.325079 6724.499512 0.000034 0.348299 6758.031738 0.000041 0.371519 6719.174805 0.000038 0.394739 6728.549316 0.000124
36 18 0.000000 0.394739
0.000000 6750.659180 0.009583 0.023220 6749.583496 0.005370 0.046440 6770.333496 0.000355 0.069660 6769.027832 0.000212 0.092880 6755.973633 0.000069 0.116100 6765.530273 0.000151 0.139320 6761.835449 0.000069 0.162540 6731.207520 0.000043 0.185760 6763.530273 0.000027 0.208980 6771.890137 0.000030 0.232200 6759.282715 0.000020 0.255419 6770.964355 0.000019 0.278639 6763.678223 0.000025 0.301859 6767.523926 0.000007 0.325079 6757.928223 0.000020 0.348299 6731.631348 0.000004 0.371519 6753.402832 0.000028 0.394739 6746.055176 0.000056
37 18 0.000000 0.394739
0.000000 6761.425781 0.008455 0.023220 6760.912598 0.005240 0.046440 6764.583496 0.000211 0.069660 6748.125977 0.000062 0.092880 6757.929199 0.000060 0.116100 6757.455566 0.000067 0.139320 6762.333496 0.000031 0.162540 6771.142578 0.000008 0.185760 6768.958984 0.000010 0.208980 6766.988281 0.000005 0.232200 6769.178223 0.000009 0.255419 6760.040527 0.000011 0.278639 6764.050293 0.000004 0.301859 6763.679688 0.000003 0.325079 6769.311523 0.000001 0.348299 6764.792969 0.000004 0.371519 6765.864746 0.000013 0.394739 6758.623047 0.000043
38 18 0.000000 0.394739
0.000000 6772.192383 0.007459 0.023220 6771.412109 0.004783 0.046440 6769.428223 0.000204 0.069660 6792.585449 0.000054 0.092880 6762.975098 0.000033 0.116100 6757.196289 0.000023 0.139320 6761.023438 0.000012 0.162540 6778.389160 0.000003 0.185760 6763.895508 0.000006 0.208980 6770.107910 0.000004 0.232200 6761.434570 0.000003 0.255419 6766.441895 0.000005 0.278639 6768.867676 0.000004 0.301859 6762.382324 0.000004 0.325079 6765.260742 0.000002 0.348299 6755.979004 0.000002 0.371519 6778.355469 0.000009 0.394739 6772.072754 0.000033
39 18 0.000000 0.394739
0.000000 6782.958984 0.006345 0.023220 6781.734375 0.004116 0.046440 6778.779297 0.000233 0.069660 6797.617188 0.000020 0.092880 6799.561523 0.000016 0.116100 6765.253418 0.000018 0.139320 6800.993652 0.000008 0.162540 6779.383789 0.000004 0.185760 6803.902832 0.000001 0.208980 6765.562500 0.000002 0.232200 6772.635742 0.000004 0.255419 6768.409668 0.000001 0.278639 6799.715820 0.000002 0.301859 6769.428711 0.000001 0.325079 6797.358887 0.000002 0.348299 6773.146484 0.000002 0.371519 6779.107422 0.000010 0.394739 6782.478027 0.000031
40 18 0.000000 0.394739
0.000000 6793.725586 0.005044 0.023220 6791.968262 0.003246 0.046440 6787.202637 0.000263 0.069660 6799.818359 0.000019 0.092880 6806.259277 0.000016 0.116100 6800.161621 0.000016 0.139320 6804.630859 0.000006 0.162540 6801.769043 0.000001 0.185760 6784.916504 0.000001 0.208980 6812.926270 0.000002 0.232200 6801.743652 0.000001 0.255419 6810.343262 0.000002 0.278639 6805.421875 0.000001 0.301859 6804.039062 0.000001 0.325079 6774.894043 0.000000 0.348299 6798.362793 0.000001 0.371519 6794.967773 0.000008 0.394739 6792.750977 0.000028
41 18 0.000000 0.394739
0.000000 6804.492188 0.003725 0.023220 6802.065430 0.002194 0.046440 6794.203125 0.000229 0.069660 6802.822266 0.000003 0.092880 6825.856445 0.000003 0.116100 6801.507324 0.000002 0.139320 6809.509766 0.000003 0.162540 6803.989746 0.000003 0.185760 6799.519531 0.000002 0.208980 6817.283691 0.000001 0.232200 6815.146973 0.000002 0.255419 6809.175781 0.000001 0.278639 6804.642090 0.000002 0.301859 6804.989258 0.000002 0.325079 6807.942871 0.000001 0.348299 6807.417480 0.000001 0.371519 6790.026367 0.000007 0.394739 6803.601562 0.000026
42 18 0.000000 0.394739
0.000000 7655.053711 0.003749 0.023220 7656.422363 0.002280 0.046440 7657.904785 0.000082 0.069660 7668.765137 0.000019 0.092880 7648.156250 0.000031 0.116100 7648.326172 0.000013 0.139320 7656.543457 0.000003 0.162540 7656.227539 0.000007 0.185760 7648.281250 0.000004 0.208980 7640.796387 0.000004 0.232200 7643.270996 0.000001 0.255419 7671.577637 0.000002 0.278639 7645.891113 0.000004 0.301859 7648.640137 0.000003 0.325079 7643.270020 0.000001 0.348299 7641.163574 0.000000 0.371519 7635.534668 0.000007 0.394739 7655.630859 0.000017
43 18 0.000000 0.394739
0.000000 7665.820312 0.004585 0.023220 7666.856445 0.002680 0.046440 7675.316895 0.000037 0.069660 7661.087402 0.000022 0.092880 7687.071777 0.000029 0.116100 7653.970703 0.000006 0.139320 7654.397461 0.000004 0.162540 7649.236816 0.000009 0.185760 7652.130371 0.000006 0.208980 7651.437988 0.000003 0.232200 7663.741211 0.000002 0.255419 7680.122070 0.000001 0.278639 7661.341797 0.000001 0.301859 7678.482910 0.000001 0.325079 7681.034180 0.000000 0.348299 7683.826172 0.000001 0.371519 7659.431641 0.000006 0.394739 7664.644531 0.000017
44 18 0.000000 0.394739
0.000000 7676.586914 0.005409 0.023220 7677.710449 0.003176 0.046440 7686.468750 0.000077 0.069660 7697.769531 0.000021 0.092880 7657.359375 0.000034 0.116100 7691.133301 0.000029 0.139320 7691.420898 0.000004 0.162540 7657.817871 0.000012 0.185760 7691.148438 0.000006 0.208980 7697.040527 0.000006 0.232200 7656.232910 0.000002 0.255419 7695.344238 0.000002 0.278639 7684.054199 0.000004 0.301859 7661.706543 0.000001 0.325079 7690.259277 0.000001 0.348299 7675.348145 0.000003 0.371519 7691.318848 0.000006 0.394739 7678.724121 0.000018
45 18 0.000000 0.394739
0.000000 7687.353516 0.006455 0.023220 7688.304688 0.003588 0.046440 7672.125488 0.000081 0.069660 7689.785645 0.000067 0.092880 7685.011230 0.000097 0.116100 7688.172852 0.000018 0.139320 7680.440430 0.000015 0.162540 7673.958008 0.000029 0.185760 7691.468262 0.000026 0.208980 7696.449219 0.000017 0.232200 7705.731445 0.000005 0.255419 7681.282227 0.000006 0.278639 7696.950195 0.000009 0.301859 7701.336914 0.000008 0.325079 7701.579102 0.000008 0.348299 7696.019043 0.000003 0.371519 7671.964355 0.000011 0.394739 7689.122070 0.000021
46 18 0.000000 0.394739
0.000000 7698.120117 0.008086 0.023220 7700.345215 0.004551 0.046440 7713.788574 0.000710 0.069660 7704.010742 0.000356 0.092880 7679.991211 0.000178 0.116100 7700.153320 0.000116 0.139320 7705.531250 0.000027 0.162540 7687.333008 0.000144 0.185760 7706.915039 0.000075 0.208980 7708.831055 0.000064 0.232200 7706.751465 0.000036 0.255419 7702.571777 0.000042 0.278639 7705.256348 0.000027 0.301859 7704.450195 0.000036 0.325079 7703.646484 0.000029 0.348299 7703.484863 0.000022 0.371519 7699.644043 0.000013 0.394739 7691.932129 0.000017
47 18 0.000000 0.394739
0.000000 7708.886719 0.010497 0.023220 7709.662109 0.006713 0.046440 7709.800293 0.001059 0.069660 7714.222168 0.001048 0.092880 7692.308594 0.000809 0.116100 7722.128418 0.000600 0.139320 7716.748535 0.000514 0.162540 7717.558105 0.000129 0.185760 7706.683105 0.000301 0.208980 7710.715332 0.000032 0.232200 7695.966309 0.000063 0.255419 7719.180664 0.000045 0.278639 7692.416992 0.000065 0.301859 7705.723145 0.000036 0.325079 7703.489746 0.000036 0.348299 7708.026855 0.000011 0.371519 7704.839355 0.000021 0.394739 7719.271484 0.000022
48 18 0.000000 0.394739
0.000000 7719.653320 0.017261 0.023220 7725.229004 0.011140 0.046440 7735.202148 0.007351 0.069660 7729.698242 0.004851 0.092880 7724.647461 0.001703 0.116100 7721.464844 0.002689 0.139320 7728.450684 0.001804 0.162540 7734.427734 0.000744 0.185760 7723.724609 0.000312 0.208980 7720.787598 0.000478 0.232200 7730.116699 0.000449 0.255419 7729.217285 0.000203 0.278639 7721.342285 0.000084 0.301859 7725.930176 0.000101 0.325079 7730.955566 0.000105 0.348299 7729.975098 0.000041 0.371519 7720.015137 0.000028 0.394739 7721.310059 0.000049
49 18 0.000000 0.394739
0.000000 7730.419922 0.024156 0.023220 7733.040527 0.034264 0.046440 7735.104492 0.026305 0.069660 7735.929199 0.013590 0.092880 7741.426270 0.006446 0.116100 7738.300293 0.008020 0.139320 7734.949707 0.005814 0.162540 7736.515137 0.002777 0.185760 7740.738281 0.001458 0.208980 7738.312012 0.001676 0.232200 7734.860352 0.001273 0.255419 7736.162109 0.000562 0.278639 7742.341797 0.000351 0.301859 7737.321777 0.000414 0.325079 7735.251953 0.000298 0.348299 7736.812500 0.000127 0.371519 7741.997559 0.000086 0.394739 7734.544922 0.000072
50 18 0.000000 0.394739
0.000000 7741.186523 0.023675 0.023220 7738.970215 0.036458 0.046440 7737.722656 0.028501 0.069660 7737.387695 0.017400 0.092880 7738.333984 0.011253 0.116100 7738.205566 0.008652 0.139320 7737.145996 0.006139 0.162540 7737.272461 0.003664 0.185760 7738.167969 0.002349 0.208980 7737.850586 0.001799 0.232200 7736.965820 0.001295 0.255419 7737.308594 0.000808 0.278639 7738.526367 0.000552 0.301859 7738.036133 0.000450 0.325079 7737.342285 0.000326 0.348299 7737.935547 0.000197 0.371519 7738.954590 0.000123 0.394739 7738.925293 0.000065
51 18 0.000000 0.394739
0.000000 7751.953125 0.015635 0.023220 7745.691895 0.015195 0.046440 7740.462402 0.008550 0.069660 7737.397949 0.005423 0.092880 7736.982422 0.003830 0.116100 7738.199707 0.002617 0.139320 7738.433594 0.001799 0.162540 7737.597656 0.001162 0.185760 7736.742676 0.000740 0.208980 7737.597168 0.000524 0.232200 7738.161621 0.000361 0.255419 7737.148438 0.000260 0.278639 7737.180664 0.000181 0.301859 7737.956543 0.000136 0.325079 7738.709961 0.000102 0.348299 7738.327637 0.000070 0.371519 7737.859375 0.000048 0.394739 7742.476074 0.000036
52 18 0.000000 0.394739
0.000000 7762.719727 0.006885 0.023220 7758.642578 0.003570 0.046440 7747.852539 0.001064 0.069660 7781.836426 0.000859 0.092880 7779.976074 0.000389 0.116100 7780.208496 0.000293 0.139320 7781.010742 0.000199 0.162540 7781.627441 0.000176 0.185760 7781.012695 0.000104 0.208980 7779.201660 0.000052 0.232200 7781.499512 0.000049 0.255419 7781.186035 0.000030 0.278639 7780.376953 0.000025 0.301859 7779.768066 0.000011 0.325079 7781.940918 0.000010 0.348299 7780.153320 0.000009 0.371519 7744.705566 0.000006 0.394739 7767.381836 0.000012
53 18 0.000000 0.394739
0.000000 7773.486328 0.003252 0.023220 7768.780762 0.001659 0.046440 7757.823730 0.000335 0.069660 7781.209961 0.000199 0.092880 7781.449707 0.000167 0.116100 7778.450684 0.000084 0.139320 7783.483398 0.000060 0.162540 7780.071289 0.000051 0.185760 7779.852539 0.000030 0.208980 7780.658203 0.000016 0.232200 7782.308105 0.000009 0.255419 7780.924316 0.000012 0.278639 7778.529785 0.000006 0.301859 7783.371582 0.000004 0.325079 7779.104004 0.000003 0.348299 7780.459473 0.000002 0.371519 7763.584961 0.000003 0.394739 7769.902832 0.000007
54 18 0.000000 0.394739
0.000000 9345.410156 0.003180 0.023220 9345.348633 0.001954 0.046440 9342.664062 0.000311 0.069660 9345.232422 0.000051 0.092880 9350.559570 0.000134 0.116100 9355.163086 0.000188 0.139320 9352.917969 0.000172 0.162540 9354.710938 0.000055 0.185760 9359.740234 0.000029 0.208980 9354.128906 0.000010 0.232200 9364.020508 0.000003 0.255419 9353.740234 0.000002 0.278639 9332.954102 0.000008 0.301859 9348.387695 0.000009 0.325079 9347.355469 0.000007 0.348299 9349.171875 0.000003 0.371519 9343.130859 0.000003 0.394739 9343.696289 0.000008
55 18 0.000000 0.394739
0.000000 9356.176758 0.003669 0.023220 9358.071289 0.001190 0.046440 9336.846680 0.000815 0.069660 9361.583984 0.000355 0.092880 9363.591797 0.000415 0.116100 9359.304688 0.000519 0.139320 9362.274414 0.000320 0.162540 9355.125977 0.000157 0.185760 9358.413086 0.000006 0.208980 9356.291016 0.000030 0.232200 9356.884766 0.000014 0.255419 9372.579102 0.000016 0.278639 9349.681641 0.000001 0.301859 9349.332031 0.000008 0.325079 9360.186523 0.000010 0.348299 9345.372070 0.000003 0.371519 9365.753906 0.000001 0.394739 9357.876953 0.000009
56 18 0.000000 0.394739
0.000000 9366.943359 0.005243 0.023220 9370.663086 0.003404 0.046440 9371.958008 0.001373 0.069660 9372.437500 0.000914 0.092880 9382.850586 0.000935 0.116100 9374.397461 0.001223 0.139320 9386.672852 0.000252 0.162540 9379.407227 0.000289 0.185760 9383.881836 0.000096 0.208980 9349.059570 0.000064 0.232200 9377.207031 0.000081 0.255419 9386.970703 0.000008 0.278639 9385.126953 0.000035 0.301859 9379.473633 0.000032 0.325079 9378.800781 0.000011 0.348299 9346.226562 0.000007 0.371519 9379.541016 0.000010 0.394739 9365.889648 0.000006
57 18 0.000000 0.394739
0.000000 9377.709961 0.007568 0.023220 9378.275391 0.005067 0.046440 9387.945312 0.000797 0.069660 9387.896484 0.002798 0.092880 9385.120117 0.004881 0.116100 9383.402344 0.003301 0.139320 9383.665039 0.001744 0.162540 9382.689453 0.000978 0.185760 9385.112305 0.000549 0.208980 9383.723633 0.000338 0.232200 9383.822266 0.000254 0.255419 9382.763672 0.000151 0.278639 9384.928711 0.000133 0.301859 9380.882812 0.000101 0.325079 9383.974609 0.000058 0.348299 9383.547852 0.000041 0.371519 9384.571289 0.000022 0.394739 9388.103516 0.000010
58 18 0.000000 0.394739
0.000000 9388.476562 0.012610 0.023220 9394.302734 0.008693 0.046440 9405.154297 0.007024 0.069660 9397.438477 0.009709 0.092880 9390.286133 0.006435 0.116100 9385.209961 0.003774 0.139320 9381.863281 0.001284 0.162540 9384.286133 0.001400 0.185760 9383.277344 0.000435 0.208980 9385.193359 0.000494 0.232200 9379.256836 0.000174 0.255419 9388.054688 0.000243 0.278639 9378.152344 0.000092 0.301859 9387.742188 0.000115 0.325079 9379.510742 0.000066 0.348299 9388.530273 0.000050 0.371519 9379.860352 0.000029 0.394739 9391.234375 0.000032
59 18 0.000000 0.394739
0.000000 9399.243164 0.017172 0.023220 9401.418945 0.025187 0.046440 9402.900391 0.022434 0.069660 9401.434570 0.014284 0.092880 9404.425781 0.001746 0.116100 9414.039062 0.004147 0.139320 9405.126953 0.002278 0.162540 9405.362305 0.002171 0.185760 9406.515625 0.001127 0.208980 9406.058594 0.001022 0.232200 9406.752930 0.000650 0.255419 9405.020508 0.000504 0.278639 9406.747070 0.000299 0.301859 9404.838867 0.000193 0.325079 9407.591797 0.000122 0.348299 9403.519531 0.000088 0.371519 9407.360352 0.000060 0.394739 9401.994141 0.000045
60 18 0.000000 0.394739
0.000000 9410.009766 0.016232 0.023220 9406.971680 0.023493 0.046440 9404.690430 0.018825 0.069660 9404.446289 0.012055 0.092880 9406.432617 0.006492 0.116100 9408.512695 0.004010 0.139320 9405.739258 0.003043 0.162540 9405.772461 0.002170 0.185760 9405.954102 0.001635 0.208980 9406.695312 0.001156 0.232200 9406.052734 0.000817 0.255419 9406.244141 0.000566 0.278639 9406.123047 0.000370 0.301859 9406.459961 0.000224 0.325079 9405.237305 0.000128 0.348299 9404.702148 0.000092 0.371519 9405.752930 0.000073 0.394739 9407.378906 0.000038
61 18 0.000000 0.394739
0.000000 9420.776367 0.010310 0.023220 9413.865234 0.007180 0.046440 9406.628906 0.003845 0.069660 9404.232422 0.003185 0.092880 9406.908203 0.002651 0.116100 9407.279297 0.001334 0.139320 9406.124023 0.000725 0.162540 9404.428711 0.000579 0.185760 9406.631836 0.000501 0.208980 9406.850586 0.000352 0.232200 9406.332031 0.000229 0.255419 9406.124023 0.000167 0.278639 9406.778320 0.000119 0.301859 9407.538086 0.000070 0.325079 9406.205078 0.000029 0.348299 9399.994141 0.000017 0.371519 9406.245117 0.000029 0.394739 9413.304688 0.000022
62 18 0.000000 0.394739
0.000000 9431.542969 0.005165 0.023220 9430.170898 0.002416 0.046440 9451.465820 0.000721 0.069660 9411.204102 0.000362 0.092880 9440.513672 0.000251 0.116100 9451.581055 0.000250 0.139320 9411.458984 0.000118 0.162540 9448.070312 0.000093 0.185760 9446.410156 0.000048 0.208980 9447.763672 0.000046 0.232200 9452.772461 0.000035 0.255419 9445.642578 0.000019 0.278639 9452.838867 0.000009 0.301859 9446.391602 0.000011 0.325079 9451.068359 0.000010 0.348299 9449.647461 0.000003 0.371519 9416.847656 0.000006 0.394739 9429.982422 0.000011
63 18 0.000000 0.394739
0.000000 9442.309570 0.004158 0.023220 9441.592773 0.002196 0.046440 9421.717773 0.000130 0.069660 9448.106445 0.000220 0.092880 9447.297852 0.000146 0.116100 9445.331055 0.000116 0.139320 9448.742188 0.000061 0.162540 9444.272461 0.000037 0.185760 9444.808594 0.000005 0.208980 9461.082031 0.000006 0.232200 9454.413086 0.000005 0.255419 9452.349609 0.000009 0.278639 9444.253906 0.000008 0.301859 9444.815430 0.000003 0.325079 9454.742188 0.000002 0.348299 9449.205078 0.000002 0.371519 9430.273438 0.000003 0.394739 9437.827148 0.000006
64 18 0.000000 0.394739
0.000000 9453.076172 0.003722 0.023220 9452.970703 0.002230 0.046440 9463.722656 0.000149 0.069660 9447.110352 0.000059 0.092880 9449.765625 0.000045 0.116100 9451.776367 0.000021 0.139320 9466.354492 0.000037 0.162540 9448.856445 0.000031 0.185760 9446.305664 0.000016 0.208980 9443.599609 0.000012 0.232200 9447.328125 0.000007 0.255419 9444.533203 0.000006 0.278639 9448.560547 0.000004 0.301859 9450.721680 0.000002 0.325079 9454.010742 0.000002 0.348299 9457.616211 0.000001 0.371519 9472.704102 0.000002 0.394739 9454.130859 0.000006
65 18 0.000000 0.394739
0.000000 9463.842773 0.003410 0.023220 9463.845703 0.002647 0.046440 9470.987305 0.000340 0.069660 9473.409180 0.000057 0.092880 9442.578125 0.000036 0.116100 9469.255859 0.000005 0.139320 9460.624023 0.000013 0.162540 9453.407227 0.000017 0.185760 9455.694336 0.000010 0.208980 9478.805664 0.000003 0.232200 9460.427734 0.000004 0.255419 9456.354492 0.000002 0.278639 9444.620117 0.000000 0.301859 9454.644531 0.000001 0.325079 9468.301758 0.000001 0.348299 9459.204102 0.000001 0.371519 9454.447266 0.000003 0.394739 9463.396484 0.000006
66 18 0.000000 0.394739
0.000000 10615.869141 0.003941 0.023220 10627.078125 0.002603 0.046440 10626.078125 0.002436 0.069660 10636.670898 0.000489 0.092880 10633.324219 0.001075 0.116100 10630.559570 0.000481 0.139320 10636.750977 0.000402 0.162540 10629.258789 0.000320 0.185760 10636.735352 0.000210 0.208980 10632.063477 0.000156 0.232200 10632.846680 0.000114 0.255419 10630.503906 0.000099 0.278639 10635.649414 0.000042 0.301859 10633.012695 0.000038 0.325079 10631.925781 0.000022 0.348299 10633.685547 0.000027 0.371519 10636.294922 0.000016 0.394739 10626.661133 0.000025
67 18 0.000000 0.394739
0.000000 10626.635742 0.007769 0.023220 10630.978516 0.011612 0.046440 10632.484375 0.009721 0.069660 10634.093750 0.006190 0.092880 10633.279297 0.004584 0.116100 10632.639648 0.003196 0.139320 10633.623047 0.002445 0.162540 10633.314453 0.001680 0.185760 10633.047852 0.001119 0.208980 10632.519531 0.000873 0.232200 10633.150391 0.000668 0.255419 10632.957031 0.000432 0.278639 10632.788086 0.000278 0.301859 10633.013672 0.000225 0.325079 10633.763672 0.000168 0.348299 10633.253906 0.000115 0.371519 10632.152344 0.000082 0.394739 10631.009766 0.000057
68 18 0.000000 0.394739
0.000000 10637.402344 0.009321 0.023220 10636.244141 0.014713 0.046440 10635.197266 0.012681 0.069660 10634.848633 0.008085 0.092880 10632.586914 0.004176 0.116100 10631.092773 0.003815 0.139320 10634.881836 0.003388 0.162540 10635.058594 0.001935 0.185760 10630.726562 0.000951 0.208980 10631.500977 0.001077 0.232200 10635.325195 0.000908 0.255419 10634.750977 0.000435 0.278639 10628.399414 0.000248 0.301859 10633.695312 0.000326 0.325079 10636.378906 0.000239 0.348299 10633.650391 0.000093 0.371519 10628.243164 0.000089 0.394739 10636.099609 0.000075
69 18 0.000000 0.394739
0.000000 10648.168945 0.007356 0.023220 10642.416992 0.006647 0.046440 10636.114258 0.004901 0.069660 10638.022461 0.003472 0.092880 10640.300781 0.000693 0.116100 10658.994141 0.001335 0.139320 10639.695312 0.001596 0.162540 10639.541016 0.000862 0.185760 10647.367188 0.000132 0.208980 10649.416016 0.000448 0.232200 10640.063477 0.000455 0.255419 10640.806641 0.000221 0.278639 10651.311523 0.000093 0.301859 10644.452148 0.000176 0.325079 10641.096680 0.000137 0.348299 10643.334961 0.000050 0.371519 10652.232422 0.000049 0.394739 10645.132812 0.000061
70 18 0.000000 0.394739
0.000000 10658.935547 0.004354 0.023220 10658.247070 0.002043 0.046440 10665.848633 0.000117 0.069660 10645.970703 0.000587 0.092880 10641.997070 0.000713 0.116100 10644.259766 0.000350 0.139320 10649.701172 0.000197 0.162540 10643.351562 0.000226 0.185760 10641.116211 0.000174 0.208980 10643.589844 0.000083 0.232200 10648.179688 0.000068 0.255419 10643.393555 0.000075 0.278639 10642.118164 0.000060 0.301859 10646.334961 0.000034 0.325079 10646.924805 0.000030 0.348299 10643.180664 0.000028 0.371519 10642.637695 0.000020 0.394739 10651.110352 0.000033
71 18 0.000000 0.394739
0.000000 10669.702148 0.003212 0.023220 10668.039062 0.001896 0.046440 10660.263672 0.000055 0.069660 10668.170898 0.000125 0.092880 10677.909180 0.000088 0.116100 10681.755859 0.000065 0.139320 10657.269531 0.000008 0.162540 10686.655273 0.000040 0.185760 10681.913086 0.000031 0.208980 10682.217773 0.000013 0.232200 10660.002930 0.000005 0.255419 10680.705078 0.000014 0.278639 10682.705078 0.000007 0.301859 10683.123047 0.000003 0.325079 10656.025391 0.000003 0.348299 10685.375977 0.000004 0.371519 10687.330078 0.000007 0.394739 10669.965820 0.000018
72 18 0.000000 0.394739
0.000000 12370.825195 0.004396 0.023220 12377.528320 0.003232 0.046440 12382.486328 0.002613 0.069660 12376.278320 0.001023 0.092880 12361.257812 0.001221 0.116100 12377.677734 0.000638 0.139320 12388.796875 0.000456 0.162540 12390.884766 0.000308 0.185760 12383.171875 0.000484 0.208980 12382.287109 0.000348 0.232200 12388.127930 0.000187 0.255419 12382.800781 0.000195 0.278639 12386.213867 0.000102 0.301859 12386.450195 0.000052 0.325079 12388.880859 0.000063 0.348299 12384.773438 0.000058 0.371519 12387.054688 0.000055 0.394739 12380.439453 0.000077
73 18 0.000000 0.394739
0.000000 12381.591797 0.006230 0.023220 12382.977539 0.007800 0.046440 12383.557617 0.005736 0.069660 12385.753906 0.003316 0.092880 12389.231445 0.003011 0.116100 12385.757812 0.002552 0.139320 12386.450195 0.001812 0.162540 12386.691406 0.001526 0.185760 12385.550781 0.001400 0.208980 12384.780273 0.001057 0.232200 12385.544922 0.000759 0.255419 12385.183594 0.000560 0.278639 12385.334961 0.000390 0.301859 12386.365234 0.000303 0.325079 12386.825195 0.000269 0.348299 12386.317383 0.000232 0.371519 12385.723633 0.000187 0.394739 12383.781250 0.000114
74 18 0.000000 0.394739
0.000000 12392.358398 0.006213 0.023220 12389.405273 0.005787 0.046440 12382.204102 0.003678 0.069660 12386.764648 0.004360 0.092880 12388.534180 0.003179 0.116100 12386.641602 0.002151 0.139320 12385.436523 0.001676 0.162540 12386.480469 0.001468 0.185760 12386.052734 0.001100 0.208980 12385.444336 0.000858 0.232200 12385.153320 0.000621 0.255419 12385.631836 0.000467 0.278639 12385.040039 0.000317 0.301859 12385.257812 0.000288 0.325079 12386.986328 0.000257 0.348299 12386.421875 0.000216 0.371519 12387.131836 0.000165 0.394739 12386.766602 0.000083
75 18 0.000000 0.394739
0.000000 12403.125000 0.004198 0.023220 12400.811523 0.003111 0.046440 12407.144531 0.001313 0.069660 12397.206055 0.001277 0.092880 12393.870117 0.000775 0.116100 12383.955078 0.000441 0.139320 12383.543945 0.000157 0.162540 12389.165039 0.000358 0.185760 12384.579102 0.000081 0.208980 12386.027344 0.000196 0.232200 12384.335938 0.000056 0.255419 12390.738281 0.000107 0.278639 12382.706055 0.000023 0.301859 12421.011719 0.000070 0.325079 12393.727539 0.000067 0.348299 12382.243164 0.000036 0.371519 12391.737305 0.000053 0.394739 12388.288086 0.000013
76 18 0.000000 0.394739
0.000000 12424.658203 0.006674 0.023220 12431.980469 0.009419 0.046440 12431.393555 0.007156 0.069660 12436.619141 0.001311 0.092880 12404.895508 0.001395 0.116100 12439.431641 0.001794 0.139320 12437.333008 0.001626 0.162540 12436.644531 0.001269 0.185760 12439.576172 0.000577 0.208980 12440.983398 0.000648 0.232200 12436.717773 0.000427 0.255419 12441.104492 0.000356 0.278639 12437.933594 0.000242 0.301859 12440.083984 0.000199 0.325079 12439.463867 0.000157 0.348299 12438.841797 0.000130 0.371519 12438.440430 0.000115 0.394739 12435.410156 0.000102
77 18 0.000000 0.394739
0.000000 12435.424805 0.010417 0.023220 12436.646484 0.017608 0.046440 12437.034180 0.014540 0.069660 12439.173828 0.008130 0.092880 12441.083984 0.006183 0.116100 12439.484375 0.005574 0.139320 12438.487305 0.004772 0.162540 12438.355469 0.003624 0.185760 12439.133789 0.002559 0.208980 12439.351562 0.002000 0.232200 12438.939453 0.001522 0.255419 12439.227539 0.001167 0.278639 12439.065430 0.000907 0.301859 12439.317383 0.000701 0.325079 12439.286133 0.000556 0.348299 12439.102539 0.000446 0.371519 12438.844727 0.000338 0.394739 12438.073242 0.000187
78 18 0.000000 0.394739
0.000000 12446.191406 0.009686 0.023220 12442.349609 0.013471 0.046440 12439.778320 0.010683 0.069660 12439.164062 0.007749 0.092880 12439.800781 0.005600 0.116100 12439.307617 0.004400 0.139320 12438.793945 0.003587 0.162540 12438.903320 0.002839 0.185760 12439.084961 0.002146 0.208980 12439.112305 0.001603 0.232200 12439.041992 0.001237 0.255419 12439.080078 0.000946 0.278639 12439.077148 0.000740 0.301859 12439.281250 0.000585 0.325079 12439.196289 0.000456 0.348299 12439.138672 0.000357 0.371519 12439.355469 0.000284 0.394739 12441.708008 0.000180
79 18 0.000000 0.394739
0.000000 12456.958008 0.005784 0.023220 12450.413086 0.003541 0.046440 12440.470703 0.001502 0.069660 12439.228516 0.001311 0.092880 12439.640625 0.000932 0.116100 12438.936523 0.000559 0.139320 12438.377930 0.000458 0.162540 12439.430664 0.000410 0.185760 12439.485352 0.000317 0.208980 12439.183594 0.000225 0.232200 12438.370117 0.000177 0.255419 12439.773438 0.000134 0.278639 12437.778320 0.000102 0.301859 12440.205078 0.000093 0.325079 12438.502930 0.000062 0.348299 12440.076172 0.000052 0.371519 12436.260742 0.000046 0.394739 12445.255859 0.000093
80 18 0.000000 0.394739
0.000000 15730.004883 0.003001 0.023220 15730.913086 0.005267 0.046440 15731.786133 0.004963 0.069660 15729.295898 0.002418 0.092880 15723.612305 0.001588 0.116100 15733.865234 0.001238 0.139320 15735.180664 0.000806 0.162540 15723.864258 0.000272 0.185760 15728.923828 0.000453 0.208980 15734.904297 0.000319 0.232200 15729.252930 0.000132 0.255419 15725.416016 0.000187 0.278639 15732.741211 0.000183 0.301859 15732.010742 0.000098 0.325079 15727.256836 0.000063 0.348299 15731.238281 0.000070 0.371519 15732.570312 0.000047 0.394739 15729.450195 0.000015
81 18 0.000000 0.394739
0.000000 15740.771484 0.002234 0.023220 15734.584961 0.003925 0.046440 15736.261719 0.004300 0.069660 15739.153320 0.001647 0.092880 15749.998047 0.001306 0.116100 15739.719727 0.001809 0.139320 15740.501953 0.001040 0.162540 15746.250977 0.000464 0.185760 15743.208984 0.000568 0.208980 15739.209961 0.000375 0.232200 15743.777344 0.000122 0.255419 15746.277344 0.000189 0.278639 15738.309570 0.000184 0.301859 15738.414062 0.000071 0.325079 15754.362305 0.000040 0.348299 15738.919922 0.000069 0.371519 15737.493164 0.000041 0.394739 15737.306641 0.000007
