par-text-frame-format
point-type index frequency amplitude
partials-count 43
frame-count 40
frame-data
0.000000 43 0 2250.219727 0.003639 1 2260.986328 0.004075 2 2271.752930 0.003183 3 3919.042969 0.003174 4 3929.809570 0.005433 5 3940.576172 0.010692 6 3951.342773 0.014251 7 3962.109375 0.012543 8 3972.875977 0.007247 9 3983.642578 0.003563 10 5932.397461 0.003446 11 5943.164062 0.003918 12 5953.930664 0.004557 13 5964.697266 0.005425 14 5975.463867 0.006750 15 5986.230469 0.008705 16 5996.997070 0.012393 17 6007.763672 0.027040 18 6018.530273 0.041712 19 6029.296875 0.042189 20 6040.063477 0.028273 21 6050.830078 0.013687 22 6061.596680 0.009015 23 6072.363281 0.006719 24 6083.129883 0.005377 25 6093.896484 0.004521 26 6104.663086 0.003887 27 6115.429688 0.003410 28 6944.458008 0.005533 29 6955.224609 0.006560 30 6965.991211 0.005237 31 8376.416016 0.003338 32 8387.182617 0.004206 33 8397.949219 0.005087 34 8408.715820 0.007317 35 8419.482422 0.013646 36 8430.249023 0.018128 37 8441.015625 0.015952 38 8451.782227 0.009497 39 8462.548828 0.005705 40 8473.315430 0.004844 41 8484.082031 0.003790 42 8494.848633 0.003198
0.010000 43 0 2251.698975 0.004264 1 2260.293213 0.004788 2 2269.995117 0.002949 3 3920.468262 0.002483 4 3930.551025 0.004127 5 3943.357178 0.011006 6 3951.822021 0.018781 7 3960.150635 0.014869 8 3970.000244 0.005525 9 3982.456787 0.002953 10 5932.752930 0.002694 11 5943.579590 0.003060 12 5954.342285 0.003582 13 5965.328613 0.004283 14 5976.201172 0.005286 15 5987.089844 0.006841 16 5997.457031 0.009565 17 6011.000000 0.025081 18 6019.707031 0.052977 19 6028.148926 0.053154 20 6037.093750 0.025822 21 6050.071289 0.011027 22 6060.473633 0.007027 23 6071.621582 0.005221 24 6082.491699 0.004243 25 6093.499023 0.003552 26 6104.252930 0.003041 27 6115.049316 0.002672 28 6946.295410 0.006099 29 6955.030762 0.007997 30 6963.855957 0.005410 31 8377.002930 0.002667 32 8387.813477 0.003361 33 8398.750000 0.004161 34 8409.182617 0.005320 35 8422.140625 0.013528 36 8430.725586 0.022690 37 8439.084961 0.018166 38 8449.060547 0.006713 39 8461.902344 0.004874 40 8472.745117 0.003863 41 8483.496094 0.003027 42 8494.285156 0.002536
0.020000 43 0 2253.178223 0.004889 1 2259.600342 0.005500 2 2268.237061 0.002715 3 3921.893311 0.001793 4 3931.292236 0.002821 5 3946.138184 0.011319 6 3952.301025 0.023310 7 3958.191650 0.017195 8 3967.124756 0.003804 9 3981.270752 0.002344 10 5933.108887 0.001942 11 5943.995605 0.002203 12 5954.753906 0.002607 13 5965.959961 0.003142 14 5976.938477 0.003821 15 5987.948730 0.004977 16 5997.917480 0.006736 17 6014.236328 0.023123 18 6020.883301 0.064243 19 6027.001465 0.064119 20 6034.124023 0.023370 21 6049.312012 0.008367 22 6059.351074 0.005039 23 6070.879395 0.003724 24 6081.853516 0.003108 25 6093.101562 0.002583 26 6103.842773 0.002196 27 6114.669434 0.001935 28 6948.132324 0.006666 29 6954.837402 0.009435 30 6961.720215 0.005583 31 8377.589844 0.001997 32 8388.444336 0.002515 33 8399.551758 0.003234 34 8409.648438 0.003323 35 8424.798828 0.013410 36 8431.203125 0.027251 37 8437.154297 0.020380 38 8446.338867 0.003928 39 8461.255859 0.004043 40 8472.174805 0.002882 41 8482.910156 0.002263 42 8493.721680 0.001874
0.030000 43 0 2254.440674 0.005049 1 2258.333252 0.005540 2 2273.024414 0.001997 3 3924.909912 0.001156 4 3933.562988 0.002007 5 3948.887695 0.011081 6 3952.642822 0.025504 7 3956.499512 0.017725 8 3974.039062 0.002563 9 3986.777832 0.001561 10 5926.750977 0.001214 11 5949.907227 0.001382 12 5960.791016 0.001647 13 5971.779297 0.002002 14 5982.558105 0.002448 16 5991.701660 0.004504 15 5992.649902 0.003178 17 6017.065918 0.020427 18 6021.746582 0.066670 19 6026.083984 0.066448 20 6030.779785 0.019976 21 6044.381348 0.005815 22 6055.029297 0.003350 23 6065.152344 0.002378 24 6076.526855 0.001987 25 6087.437500 0.001630 26 6097.907715 0.001379 27 6109.530762 0.001213 28 6949.675293 0.006234 29 6954.648926 0.009236 30 6959.727539 0.005032 31 8382.267578 0.001283 32 8392.042969 0.001626 33 8403.730469 0.002192 34 8405.297852 0.002329 35 8426.882812 0.012170 36 8431.725586 0.027503 37 8435.864258 0.020943 38 8453.085938 0.003381 39 8456.847656 0.002790 40 8466.817383 0.001852 41 8478.497070 0.001455 42 8488.497070 0.001190
0.040000 43 0 2255.600098 0.004988 1 2256.793457 0.005259 2 2280.919922 0.001050 3 3928.682373 0.000543 4 3936.560059 0.001426 5 3951.621826 0.010582 6 3952.919189 0.026588 7 3954.933838 0.017401 8 3985.602783 0.001550 9 3995.463379 0.000697 10 5917.204590 0.000496 11 5958.428711 0.000578 12 5969.499512 0.000694 13 5980.063477 0.000863 16 5982.315918 0.002555 14 5990.496582 0.001118 15 5999.175781 0.001410 17 6019.702148 0.017381 18 6022.460938 0.064899 19 6025.275391 0.064675 20 6027.257324 0.016135 21 6037.468750 0.003316 22 6049.188477 0.001803 23 6057.058105 0.001104 24 6068.973145 0.000873 25 6079.272461 0.000685 26 6089.349121 0.000575 27 6102.131836 0.000498 28 6951.078125 0.005327 29 6954.462891 0.008260 30 6957.802734 0.004138 31 8388.887695 0.000549 32 8397.050781 0.000715 34 8398.659180 0.001812 33 8409.514648 0.001095 35 8428.693359 0.010397 36 8432.270508 0.025709 37 8434.878906 0.020723 39 8450.653320 0.001338 40 8459.185547 0.000799 38 8464.328125 0.003895 41 8472.265625 0.000626 42 8481.058594 0.000495
0.050000 43 1 2255.918457 0.005397 0 2256.520508 0.004987 2 2282.465820 0.000842 3 3927.188477 0.000133 4 3939.490234 0.000951 6 3953.052734 0.027434 5 3953.228271 0.010607 7 3953.782471 0.017165 8 3986.997559 0.000918 9 4000.826904 0.000146 10 5915.132812 0.000033 11 5960.036133 0.000060 12 5969.452637 0.000079 16 5977.317383 0.001365 13 5984.709961 0.000132 14 5993.505859 0.000269 15 6000.518555 0.000351 17 6021.381348 0.014489 18 6023.098633 0.061465 19 6024.701172 0.062135 20 6024.919434 0.013570 21 6038.352539 0.001669 22 6048.399414 0.000779 23 6054.421875 0.000272 24 6064.662109 0.000148 25 6079.692383 0.000078 26 6087.981934 0.000055 27 6099.215332 0.000037 28 6952.188965 0.004453 29 6954.304199 0.007151 30 6956.330078 0.003342 31 8392.847656 0.000072 34 8398.308594 0.001584 32 8399.700195 0.000120 33 8411.929688 0.000365 35 8430.273438 0.008260 36 8432.915039 0.023288 37 8434.465820 0.019963 39 8448.837891 0.000372 40 8456.400391 0.000120 38 8466.733398 0.004308 41 8468.664062 0.000085 42 8482.251953 0.000045
0.060000 43 1 2256.245117 0.006290 0 2257.009033 0.005096 2 2272.525146 0.001971 3 3916.168701 0.000087 4 3942.300293 0.000668 5 3952.793945 0.011581 6 3952.927734 0.027848 7 3953.380859 0.017089 8 3969.997559 0.000976 9 4000.181152 0.000164 10 5926.581543 0.000032 11 5949.137207 0.000061 12 5953.569824 0.000077 16 5980.255859 0.001549 13 5982.776855 0.000138 14 5987.598145 0.000289 15 5992.485352 0.000576 17 6021.329102 0.011877 18 6023.597656 0.055021 19 6024.549805 0.058210 20 6024.724609 0.013312 21 6053.339844 0.001563 22 6056.750000 0.000702 23 6061.660156 0.000242 24 6066.216309 0.000130 25 6095.641602 0.000083 26 6099.623047 0.000050 27 6104.407227 0.000034 28 6952.772461 0.003638 29 6954.193848 0.005802 30 6955.676270 0.002722 31 8391.993164 0.000061 32 8398.083984 0.000098 33 8408.252930 0.000297 34 8409.332031 0.001883 35 8431.437500 0.005467 36 8433.740234 0.019732 37 8435.087891 0.018228 38 8453.153320 0.004538 39 8454.944336 0.000286 40 8462.382812 0.000118 41 8469.819336 0.000065 42 8499.059570 0.000037
0.070000 43 1 2256.603271 0.007174 0 2257.491211 0.005204 2 2262.919434 0.003078 3 3905.621094 0.000045 4 3944.842041 0.000397 5 3952.358398 0.012515 6 3952.800781 0.028228 7 3952.993408 0.016999 8 3953.608398 0.001032 9 3999.483643 0.000181 10 5937.628418 0.000031 12 5938.189941 0.000075 11 5938.611328 0.000062 13 5980.900879 0.000143 14 5981.888184 0.000306 16 5983.582031 0.001749 15 5984.614258 0.000784 17 6020.813965 0.009285 18 6024.100098 0.048675 19 6024.408203 0.054296 20 6024.543945 0.013035 22 6064.850098 0.000624 24 6067.700684 0.000112 21 6067.786133 0.001461 23 6068.643555 0.000212 27 6109.411621 0.000030 26 6110.874512 0.000045 25 6111.024414 0.000088 28 6953.323730 0.002832 29 6954.087402 0.004465 30 6955.046387 0.002108 31 8391.103516 0.000050 32 8396.423828 0.000078 33 8404.889648 0.000234 34 8419.893555 0.002149 35 8432.641602 0.002788 36 8434.542969 0.016225 37 8435.687500 0.016444 38 8440.038086 0.004728 39 8461.175781 0.000209 40 8468.308594 0.000115 41 8470.999023 0.000046 42 8514.712891 0.000030
0.080000 43 0 2257.789795 0.005269 1 2257.855469 0.007782 2 2262.818359 0.003562 3 3908.489990 0.000075 4 3939.769531 0.000483 5 3951.885010 0.012344 6 3952.622070 0.027612 7 3953.009766 0.016519 8 3954.567627 0.001020 9 3997.323975 0.000189 12 5937.111328 0.000070 10 5937.251465 0.000029 11 5938.701660 0.000055 13 5980.645508 0.000131 15 5981.357422 0.000494 14 5981.792480 0.000271 16 5997.926758 0.002404 17 6007.154297 0.007248 19 6024.546875 0.050717 18 6024.689941 0.045140 20 6024.751953 0.012195 22 6065.846680 0.000538 21 6066.885254 0.001463 24 6067.200195 0.000113 23 6068.393555 0.000209 27 6109.100098 0.000030 25 6110.313477 0.000077 26 6111.062500 0.000044 28 6952.961914 0.002271 29 6954.090332 0.003473 30 6955.083496 0.001692 31 8389.211914 0.000049 32 8393.549805 0.000099 33 8410.445312 0.000281 34 8417.317383 0.001500 36 8434.704102 0.014125 35 8434.991211 0.003361 37 8435.630859 0.013287 38 8440.128906 0.003772 39 8470.947266 0.000388 40 8472.646484 0.000114 41 8472.875000 0.000052 42 8497.609375 0.000033
0.090000 43 0 2258.088623 0.005334 1 2259.107666 0.008390 2 2262.717285 0.004046 3 3911.359131 0.000106 4 3934.697021 0.000569 5 3951.411377 0.012173 6 3952.443359 0.026996 7 3953.026123 0.016039 8 3955.527100 0.001007 9 3995.164307 0.000196 12 5936.032227 0.000065 10 5936.874512 0.000028 11 5938.792480 0.000048 15 5978.101074 0.000204 13 5980.389648 0.000119 14 5981.696777 0.000235 17 5993.495117 0.005210 16 6012.270996 0.003059 19 6024.686035 0.047138 20 6024.959961 0.011356 18 6025.279785 0.041605 21 6065.984375 0.001465 24 6066.699219 0.000114 22 6066.842773 0.000452 23 6068.144043 0.000206 27 6108.789062 0.000030 25 6109.603027 0.000067 26 6111.250000 0.000042 28 6952.599609 0.001710 29 6954.092773 0.002482 30 6955.121094 0.001276 31 8387.321289 0.000047 32 8390.675781 0.000120 34 8414.741211 0.000850 33 8416.001953 0.000329 36 8434.864258 0.012024 37 8435.574219 0.010131 35 8437.340820 0.003933 38 8440.219727 0.002817 41 8474.750977 0.000057 40 8476.984375 0.000114 42 8480.505859 0.000036 39 8480.718750 0.000566
0.100000 43 0 2258.214600 0.005259 1 2259.552002 0.008208 2 2262.662842 0.003942 3 3914.683105 0.000116 4 3936.299805 0.000608 5 3951.523926 0.011443 6 3952.396729 0.025689 7 3952.977783 0.015222 8 3955.450439 0.000977 9 3995.752197 0.000194 12 5936.998047 0.000063 10 5937.114258 0.000026 11 5938.108887 0.000040 15 5977.977051 0.000287 13 5980.107422 0.000104 14 5981.622070 0.000209 17 5999.090332 0.006376 16 6011.691406 0.002590 19 6024.664551 0.043988 20 6024.866699 0.010404 18 6025.088867 0.040098 21 6066.561523 0.001394 24 6066.862305 0.000107 22 6067.407227 0.000407 23 6067.749512 0.000200 27 6109.295898 0.000028 25 6109.695801 0.000061 26 6110.949707 0.000040 28 6951.941406 0.001227 29 6954.439453 0.001748 30 6955.475098 0.000982 31 8385.496094 0.000033 32 8391.881836 0.000112 34 8413.782227 0.000758 33 8416.499023 0.000281 36 8434.413086 0.010257 37 8434.530273 0.007953 35 8436.049805 0.003516 38 8440.915039 0.001833 41 8476.535156 0.000056 42 8477.384766 0.000032 40 8479.689453 0.000109 39 8483.553711 0.000527
0.110000 43 0 2258.270752 0.005127 1 2259.669678 0.007707 2 2262.627197 0.003601 3 3918.191162 0.000119 4 3940.602295 0.000627 5 3951.873535 0.010487 6 3952.403320 0.024103 7 3952.903320 0.014268 8 3954.954346 0.000940 9 3997.451416 0.000188 11 5937.112793 0.000033 10 5937.602539 0.000023 12 5938.791016 0.000062 15 5979.120117 0.000520 13 5979.814941 0.000088 14 5981.556152 0.000186 16 6005.076172 0.001667 17 6012.473145 0.008838 19 6024.578125 0.041011 18 6024.582520 0.039411 20 6024.651367 0.009408 24 6067.292969 0.000096 23 6067.295898 0.000193 21 6067.736328 0.001293 22 6067.796875 0.000378 25 6110.113281 0.000057 27 6110.134277 0.000025 26 6110.452637 0.000038 28 6951.163086 0.000776 29 6954.924805 0.001119 30 6955.956543 0.000737 31 8383.698242 0.000014 32 8394.738281 0.000092 34 8413.477539 0.000892 33 8414.950195 0.000195 37 8433.086914 0.006170 35 8433.285156 0.002699 36 8433.712891 0.008625 38 8441.855469 0.000838 41 8478.283203 0.000051 42 8479.918945 0.000024 40 8481.734375 0.000103 39 8483.584961 0.000400
0.120000 43 0 2258.194824 0.004962 1 2259.393555 0.006975 2 2262.634521 0.003029 3 3917.709961 0.000119 4 3939.187012 0.000544 5 3952.106689 0.009740 6 3952.383057 0.022438 7 3952.834229 0.013197 8 3954.663818 0.000913 9 3998.265625 0.000178 11 5936.896973 0.000028 10 5938.356445 0.000021 12 5939.933594 0.000057 13 5980.523438 0.000074 15 5981.685547 0.000620 14 5981.805664 0.000164 16 6002.108398 0.001200 17 6020.807617 0.009582 18 6024.189941 0.037720 19 6024.480957 0.038116 20 6024.517578 0.008552 23 6067.181152 0.000183 24 6067.536621 0.000087 22 6068.146484 0.000352 21 6068.274902 0.001189 26 6110.265625 0.000036 25 6110.640625 0.000053 27 6110.736816 0.000023 28 6949.741211 0.000437 30 6956.626953 0.000544 29 6956.812012 0.000654 31 8379.108398 0.000004 32 8395.510742 0.000076 34 8412.558594 0.000864 33 8413.488281 0.000164 35 8432.179688 0.002168 37 8432.289062 0.004993 36 8433.301758 0.007278 38 8444.952148 0.000332 41 8479.472656 0.000044 42 8480.243164 0.000018 40 8482.161133 0.000089 39 8483.045898 0.000281
0.130000 43 0 2257.912109 0.004744 1 2258.501221 0.005882 2 2262.708984 0.002097 3 3910.989746 0.000115 4 3928.830078 0.000302 5 3952.157959 0.009321 6 3952.320312 0.020647 7 3952.773438 0.011941 8 3954.694580 0.000902 9 3997.696289 0.000161 11 5937.902344 0.000029 10 5939.524414 0.000018 12 5940.059570 0.000045 14 5982.548340 0.000141 13 5982.797852 0.000065 15 5986.476074 0.000512 16 6004.844238 0.001449 17 6021.246094 0.007637 18 6023.976562 0.034456 19 6024.367188 0.035347 20 6024.512207 0.007916 24 6067.486816 0.000080 23 6067.595215 0.000168 21 6067.818848 0.001079 22 6068.433594 0.000331 26 6110.564941 0.000033 27 6110.970215 0.000021 25 6111.339355 0.000049 28 6947.312500 0.000273 30 6957.591797 0.000431 29 6960.891602 0.000443 31 8370.150391 0.000009 32 8393.024414 0.000066 34 8410.679688 0.000585 33 8412.161133 0.000218 37 8432.498047 0.004762 36 8433.340820 0.006374 35 8433.666016 0.002083 38 8451.420898 0.000594 42 8477.112305 0.000014 41 8479.787109 0.000032 40 8480.057617 0.000063 39 8481.617188 0.000175
0.140000 43 1 2257.574463 0.004862 0 2257.630859 0.004539 2 2263.363037 0.001230 3 3905.005127 0.000111 4 3920.114502 0.000088 5 3952.170898 0.008891 6 3952.245117 0.018845 7 3952.708252 0.010679 8 3954.708252 0.000888 9 3997.187256 0.000146 11 5938.826660 0.000030 12 5940.041016 0.000035 10 5940.525879 0.000015 14 5983.053223 0.000121 13 5984.769531 0.000056 15 5990.451660 0.000407 16 6006.660645 0.001649 17 6021.766602 0.005789 18 6023.797363 0.031220 19 6024.263672 0.032587 20 6024.502930 0.007290 21 6067.412109 0.000972 24 6067.446777 0.000073 23 6067.954590 0.000153 22 6068.646973 0.000310 26 6110.829102 0.000030 27 6111.167480 0.000019 25 6111.917969 0.000045 28 6945.189453 0.000123 30 6958.485840 0.000326 29 6964.549316 0.000253 31 8362.470703 0.000014 32 8391.011719 0.000056 34 8409.079102 0.000326 33 8410.710938 0.000265 37 8432.767578 0.004518 36 8433.394531 0.005482 35 8434.937500 0.001973 38 8456.907227 0.000839 42 8474.291992 0.000011 40 8477.934570 0.000039 41 8479.824219 0.000021 39 8479.843750 0.000076
0.150000 43 1 2256.173828 0.004843 0 2257.369873 0.004500 2 2271.953369 0.001247 3 3909.101318 0.000096 4 3933.888672 0.000241 5 3951.656006 0.008315 6 3951.997314 0.016886 7 3952.583496 0.009319 8 3954.490967 0.000824 9 3997.501465 0.000154 12 5938.047852 0.000037 11 5938.642090 0.000030 10 5939.244629 0.000015 14 5980.301270 0.000131 13 5982.590332 0.000061 15 5983.262207 0.000348 16 5995.871094 0.001177 17 6023.400879 0.005252 18 6024.094727 0.028363 19 6024.307129 0.029937 20 6024.445312 0.006796 24 6067.542480 0.000071 23 6067.558105 0.000140 21 6067.677734 0.000903 22 6067.848145 0.000293 26 6110.616699 0.000028 25 6110.852051 0.000042 27 6110.863281 0.000019 28 6947.256348 0.000180 30 6958.415527 0.000306 29 6962.431641 0.000348 31 8372.297852 0.000009 32 8395.481445 0.000036 33 8407.577148 0.000198 34 8411.305664 0.000350 35 8433.270508 0.001529 36 8433.649414 0.004731 37 8433.857422 0.004083 38 8448.924805 0.000853 39 8473.343750 0.000077 40 8475.549805 0.000033 42 8475.719727 0.000011 41 8476.062500 0.000014
0.160000 43 1 2254.773438 0.004824 0 2257.108887 0.004461 2 2280.543701 0.001265 3 3913.197266 0.000082 4 3947.662598 0.000395 5 3951.141113 0.007738 6 3951.749512 0.014927 7 3952.458984 0.007958 8 3954.273682 0.000760 9 3997.815918 0.000161 12 5936.054688 0.000040 10 5937.963867 0.000015 11 5938.457031 0.000031 15 5976.072754 0.000289 14 5977.549805 0.000140 13 5980.410645 0.000066 16 5985.082031 0.000704 19 6024.350586 0.027286 20 6024.387207 0.006302 18 6024.391602 0.025505 17 6025.035645 0.004715 22 6067.049316 0.000276 23 6067.161621 0.000126 24 6067.637695 0.000068 21 6067.943359 0.000834 25 6109.786133 0.000039 26 6110.403809 0.000026 27 6110.559082 0.000018 28 6949.323242 0.000237 30 6958.345215 0.000287 29 6960.313965 0.000443 31 8382.124023 0.000004 32 8399.951172 0.000016 33 8404.444336 0.000132 34 8413.533203 0.000373 35 8431.603516 0.001084 36 8433.904297 0.003980 37 8434.948242 0.003649 38 8440.943359 0.000867 39 8466.843750 0.000077 41 8472.299805 0.000007 40 8473.164062 0.000028 42 8477.148438 0.000010
0.170000 43 1 2255.478271 0.005475 0 2257.195068 0.004543 2 2276.249756 0.001840 3 3912.829590 0.000088 5 3950.854736 0.007041 4 3951.016113 0.000407 6 3951.413818 0.012955 7 3952.281006 0.006629 8 3954.013184 0.000727 9 3997.577148 0.000157 12 5936.523438 0.000037 10 5937.875488 0.000014 11 5938.232910 0.000027 15 5977.129883 0.000249 14 5978.422363 0.000126 13 5980.335449 0.000061 16 5981.368164 0.000633 19 6024.400391 0.024944 18 6024.467285 0.023303 20 6024.508789 0.005822 17 6025.284180 0.004275 22 6066.995605 0.000255 23 6067.153320 0.000113 24 6067.517090 0.000062 21 6067.523438 0.000751 25 6109.920898 0.000036 26 6110.252441 0.000024 27 6110.469238 0.000017 28 6950.324219 0.000293 30 6957.725098 0.000279 29 6958.226562 0.000501 31 8387.611328 0.000006 32 8391.823242 0.000014 34 8408.001953 0.000269 33 8408.707031 0.000091 35 8432.871094 0.000888 36 8434.206055 0.003347 37 8435.238281 0.003067 38 8438.666016 0.000761 39 8470.203125 0.000076 41 8472.329102 0.000007 40 8473.741211 0.000029 42 8477.446289 0.000009
0.180000 43 1 2256.899902 0.006354 0 2257.399414 0.004667 2 2267.569580 0.002605 3 3910.942139 0.000100 5 3950.645996 0.006302 4 3950.822266 0.000370 6 3951.048096 0.010978 7 3952.084961 0.005310 8 3953.737793 0.000705 9 3997.150146 0.000150 12 5937.831055 0.000033 11 5937.995605 0.000022 10 5938.192871 0.000013 16 5980.062988 0.000697 14 5980.528809 0.000104 13 5980.976562 0.000052 15 5980.993652 0.000214 19 6024.452637 0.022707 18 6024.467285 0.021325 20 6024.691406 0.005348 17 6025.061035 0.003868 21 6066.870117 0.000664 22 6067.195312 0.000232 23 6067.276367 0.000101 24 6067.323242 0.000055 26 6110.122070 0.000021 27 6110.452148 0.000015 25 6110.464355 0.000033 28 6950.961914 0.000349 29 6956.149414 0.000547 30 6956.917480 0.000275 32 8379.408203 0.000019 31 8391.622070 0.000009 34 8399.829102 0.000121 33 8415.487305 0.000059 36 8434.523438 0.002754 35 8435.136719 0.000777 37 8435.256836 0.002435 38 8438.331055 0.000614 41 8473.649414 0.000009 40 8475.327148 0.000031 39 8476.918945 0.000074 42 8477.357422 0.000008
0.190000 43 0 2257.626465 0.004749 1 2258.049316 0.006960 2 2262.514404 0.003120 3 3909.773682 0.000101 4 3943.350098 0.000338 5 3950.420654 0.005672 6 3950.517090 0.009237 7 3951.590820 0.004032 8 3953.655518 0.000684 9 3996.835693 0.000143 11 5937.694336 0.000018 10 5938.475586 0.000011 12 5938.619141 0.000029 16 5979.696777 0.000657 13 5981.300293 0.000046 14 5981.627441 0.000088 15 5982.753906 0.000187 18 6024.401855 0.019490 19 6024.460938 0.020555 17 6024.731445 0.003642 20 6024.787109 0.004846 21 6066.790527 0.000601 22 6067.247070 0.000210 24 6067.270508 0.000049 23 6067.369141 0.000091 26 6110.171387 0.000019 27 6110.403809 0.000013 25 6110.642578 0.000030 28 6951.588867 0.000366 29 6954.824219 0.000566 30 6956.277344 0.000268 32 8376.321289 0.000019 31 8394.240234 0.000009 34 8401.509766 0.000044 33 8415.823242 0.000037 36 8434.523438 0.002261 37 8434.872070 0.001887 35 8435.987305 0.000673 38 8438.446289 0.000463 41 8475.537109 0.000010 40 8476.784180 0.000030 42 8478.004883 0.000007 39 8480.217773 0.000072
0.200000 43 0 2257.884277 0.004772 1 2258.828857 0.007196 2 2262.382324 0.003293 3 3909.581055 0.000086 4 3925.992676 0.000312 6 3949.761963 0.007815 5 3950.172119 0.005191 7 3950.691162 0.002812 8 3953.835449 0.000664 9 3996.674072 0.000135 11 5937.306641 0.000016 12 5938.702637 0.000026 10 5938.712402 0.000011 16 5980.604492 0.000474 13 5981.193848 0.000042 14 5981.357910 0.000080 15 5981.655762 0.000168 18 6024.247559 0.017850 17 6024.256836 0.003661 19 6024.410645 0.018517 20 6024.765625 0.004309 22 6067.099121 0.000187 24 6067.410645 0.000044 23 6067.419434 0.000083 21 6067.490723 0.000572 27 6110.312988 0.000012 25 6110.324707 0.000027 26 6110.464844 0.000017 28 6952.201172 0.000331 29 6954.520508 0.000548 30 6955.863281 0.000254 32 8385.907227 0.000014 31 8394.965820 0.000006 33 8407.405273 0.000028 34 8416.573242 0.000063 37 8433.938477 0.001452 36 8434.093750 0.001904 35 8434.915039 0.000579 38 8439.174805 0.000306 40 8478.067383 0.000024 41 8478.196289 0.000010 39 8478.875000 0.000071 42 8479.652344 0.000005
0.210000 43 0 2258.111328 0.004776 1 2259.512939 0.007341 2 2262.262695 0.003403 3 3909.494141 0.000071 4 3910.395020 0.000284 6 3949.014160 0.006528 5 3949.936279 0.004743 7 3951.326904 0.001718 8 3954.005615 0.000644 9 3996.570312 0.000128 11 5937.014160 0.000015 12 5938.779785 0.000024 10 5938.898926 0.000010 15 5980.733398 0.000151 13 5981.113770 0.000038 14 5981.144043 0.000072 16 5981.526855 0.000315 17 6023.761230 0.003634 18 6024.099121 0.016192 19 6024.360352 0.016506 20 6024.738770 0.003786 22 6067.014648 0.000166 23 6067.475586 0.000075 24 6067.522461 0.000040 21 6068.077637 0.000539 25 6110.080078 0.000024 27 6110.247559 0.000011 26 6110.718262 0.000015 28 6952.822754 0.000297 29 6954.247559 0.000527 30 6955.462891 0.000240 32 8394.301758 0.000009 31 8395.339844 0.000003 33 8399.269531 0.000020 34 8428.529297 0.000078 37 8433.038086 0.001054 36 8433.687500 0.001563 35 8433.944336 0.000490 38 8440.636719 0.000163 39 8477.933594 0.000068 40 8479.239258 0.000019 41 8480.588867 0.000010 42 8482.605469 0.000003
0.220000 43 0 2258.065674 0.004613 1 2259.356934 0.006681 2 2262.253662 0.002947 4 3910.285156 0.000236 3 3910.336426 0.000067 6 3948.331787 0.006429 5 3949.810059 0.004598 8 3954.088379 0.000619 7 3965.471680 0.001744 9 3996.975098 0.000122 11 5937.558105 0.000014 10 5938.643555 0.000009 12 5938.802246 0.000021 13 5981.265137 0.000035 15 5981.357910 0.000138 14 5981.423340 0.000065 16 5982.572754 0.000368 17 6023.083008 0.003201 18 6023.998535 0.014381 19 6024.308105 0.014716 20 6024.661621 0.003386 24 6067.388184 0.000036 22 6067.491211 0.000152 23 6067.587891 0.000068 21 6067.666504 0.000471 27 6110.407715 0.000010 25 6110.480469 0.000022 26 6110.618652 0.000014 28 6953.532715 0.000281 29 6954.250000 0.000484 30 6955.182617 0.000218 32 8392.216797 0.000008 31 8392.625000 0.000003 33 8393.615234 0.000016 34 8413.139648 0.000056 37 8432.438477 0.000979 36 8433.483398 0.001375 35 8433.862305 0.000439 38 8448.548828 0.000153 40 8479.436523 0.000014 39 8480.532227 0.000057 41 8480.625000 0.000008 42 8497.048828 0.000003
0.230000 43 0 2258.020020 0.004450 1 2259.200928 0.006022 2 2262.244629 0.002490 4 3910.175049 0.000188 3 3911.178467 0.000062 6 3947.649414 0.006330 5 3949.684082 0.004452 8 3954.171143 0.000594 7 3979.616455 0.001770 9 3997.379883 0.000117 11 5938.102539 0.000014 10 5938.388672 0.000009 12 5938.824707 0.000018 13 5981.416992 0.000032 14 5981.702637 0.000059 15 5981.981934 0.000125 16 5983.618652 0.000421 17 6022.404785 0.002769 18 6023.897949 0.012570 19 6024.255859 0.012926 20 6024.584961 0.002986 24 6067.253906 0.000033 21 6067.255371 0.000402 23 6067.700195 0.000062 22 6067.967773 0.000138 26 6110.518555 0.000012 27 6110.567383 0.000009 25 6110.881348 0.000020 28 6954.242676 0.000266 29 6954.252441 0.000440 30 6954.901855 0.000196 33 8387.961914 0.000013 31 8389.910156 0.000003 32 8390.131836 0.000006 34 8397.749023 0.000035 37 8431.837891 0.000904 36 8433.279297 0.001186 35 8433.781250 0.000388 38 8456.460938 0.000143 40 8479.633789 0.000010 41 8480.662109 0.000006 39 8483.129883 0.000047 42 8511.492188 0.000003
0.240000 43 0 2257.788330 0.004297 1 2258.193115 0.005272 2 2262.336914 0.001697 4 3911.836670 0.000159 3 3912.115234 0.000057 6 3948.170410 0.007086 5 3949.889404 0.004544 8 3954.247559 0.000578 7 3971.831055 0.002576 9 3997.514893 0.000113 10 5937.808594 0.000008 12 5937.910156 0.000016 11 5938.625977 0.000013 13 5981.253906 0.000029 14 5981.348633 0.000054 15 5981.365234 0.000118 16 5981.813477 0.000414 17 6023.160645 0.002301 18 6024.017090 0.011020 19 6024.232910 0.011393 20 6024.514160 0.002622 24 6067.232422 0.000030 21 6067.320312 0.000364 23 6067.561523 0.000055 22 6067.693359 0.000124 26 6110.491211 0.000011 27 6110.571289 0.000008 25 6110.689453 0.000018 28 6953.878418 0.000244 29 6954.139648 0.000394 30 6954.778809 0.000173 33 8389.394531 0.000011 31 8390.266602 0.000003 32 8390.269531 0.000005 34 8392.655273 0.000029 37 8432.879883 0.000845 35 8433.334961 0.000336 36 8433.403320 0.001033 38 8452.540039 0.000167 39 8474.792969 0.000033 41 8477.898438 0.000005 40 8479.686523 0.000007 42 8502.999023 0.000003
0.250000 43 1 2256.945312 0.004497 0 2257.504395 0.004146 2 2262.458008 0.000809 3 3913.078369 0.000051 4 3913.998047 0.000135 6 3949.030762 0.008084 5 3950.188232 0.004702 8 3954.321777 0.000565 7 3957.861572 0.003602 9 3997.573975 0.000110 12 5936.730957 0.000014 10 5937.136719 0.000007 11 5939.143555 0.000012 16 5979.205078 0.000390 15 5980.398438 0.000112 14 5980.816406 0.000049 13 5981.001953 0.000027 18 6024.197754 0.009544 19 6024.217773 0.009933 17 6024.320312 0.001824 20 6024.445312 0.002268 22 6067.206543 0.000110 24 6067.242188 0.000027 23 6067.351562 0.000048 21 6067.519531 0.000334 25 6110.330078 0.000016 26 6110.484375 0.000010 27 6110.530762 0.000007 28 6953.211426 0.000220 29 6953.994141 0.000346 30 6954.700195 0.000150 34 8390.465820 0.000027 32 8391.034180 0.000004 31 8391.489258 0.000002 33 8392.825195 0.000010 35 8432.784180 0.000283 36 8433.621094 0.000889 37 8434.385742 0.000790 38 8445.283203 0.000201 39 8463.373047 0.000018 41 8474.344727 0.000003 40 8479.699219 0.000004 42 8488.039062 0.000002
0.260000 43 1 2256.069824 0.004291 0 2257.325684 0.004087 2 2266.666016 0.000630 3 3913.075928 0.000051 4 3914.846924 0.000143 6 3949.850098 0.009225 5 3950.531006 0.004958 7 3950.664062 0.004603 8 3954.375488 0.000557 9 3997.575684 0.000108 12 5936.419434 0.000013 10 5936.908691 0.000006 11 5939.274902 0.000010 16 5978.042480 0.000332 15 5980.046875 0.000100 14 5980.530762 0.000042 13 5980.801270 0.000024 19 6024.199707 0.008640 18 6024.255859 0.008323 20 6024.368164 0.001965 17 6024.938477 0.001560 22 6067.022949 0.000097 23 6067.257812 0.000042 24 6067.403320 0.000024 21 6067.626465 0.000297 25 6110.024902 0.000014 27 6110.351562 0.000006 26 6110.538086 0.000009 28 6952.889648 0.000193 29 6953.871582 0.000299 30 6954.639160 0.000129 34 8389.683594 0.000026 31 8391.060547 0.000002 32 8391.068359 0.000003 33 8393.250000 0.000009 35 8432.539062 0.000233 36 8433.854492 0.000746 37 8435.330078 0.000694 38 8441.175781 0.000203 39 8454.391602 0.000013 41 8472.638672 0.000002 40 8477.623047 0.000003 42 8479.043945 0.000002
0.270000 43 1 2255.635010 0.004759 0 2257.271729 0.004134 2 2275.710205 0.001291 3 3911.930664 0.000057 4 3914.143555 0.000187 6 3950.620605 0.010538 5 3950.925537 0.005329 7 3951.478760 0.005574 8 3954.404541 0.000554 9 3997.509766 0.000105 12 5937.134277 0.000012 10 5937.205078 0.000006 11 5938.949707 0.000007 16 5978.591797 0.000233 15 5980.423828 0.000084 14 5980.536621 0.000035 13 5980.660156 0.000020 18 6024.168457 0.007402 19 6024.177734 0.007546 20 6024.280762 0.001724 17 6024.916016 0.001549 22 6067.197754 0.000084 23 6067.302246 0.000037 21 6067.624512 0.000251 24 6067.744141 0.000020 25 6109.782227 0.000012 27 6110.008301 0.000005 26 6110.662598 0.000008 28 6952.975586 0.000164 29 6953.776367 0.000251 30 6954.598145 0.000109 31 8388.677734 0.000002 33 8390.118164 0.000008 32 8390.239258 0.000003 34 8390.568359 0.000027 35 8432.655273 0.000186 36 8434.106445 0.000604 37 8435.611328 0.000548 38 8440.797852 0.000167 39 8448.295898 0.000019 40 8473.075195 0.000005 41 8473.117188 0.000003 42 8477.105469 0.000002
0.280000 43 1 2255.466309 0.005264 0 2257.267334 0.004191 2 2282.285889 0.001942 3 3910.968018 0.000062 4 3915.708984 0.000229 5 3951.287109 0.005721 6 3951.323730 0.011852 7 3952.201172 0.006529 8 3954.409424 0.000551 9 3997.473389 0.000103 10 5937.572266 0.000005 12 5937.936523 0.000012 11 5938.398926 0.000005 16 5979.524414 0.000146 13 5980.596191 0.000016 14 5980.627441 0.000028 15 5980.873535 0.000067 18 6024.058594 0.006485 19 6024.162598 0.006483 20 6024.224121 0.001493 17 6024.696777 0.001521 23 6067.362793 0.000032 22 6067.378906 0.000072 21 6067.609863 0.000208 24 6067.943848 0.000017 25 6109.741699 0.000010 27 6109.760254 0.000004 26 6110.732422 0.000007 28 6953.009277 0.000135 29 6953.689453 0.000204 30 6954.583496 0.000090 31 8387.008789 0.000002 33 8387.689453 0.000007 32 8389.596680 0.000002 34 8393.567383 0.000027 35 8432.973633 0.000141 36 8434.328125 0.000469 37 8435.662109 0.000409 38 8440.659180 0.000129 39 8445.403320 0.000023 40 8469.771484 0.000006 41 8474.049805 0.000004 42 8476.882812 0.000001
0.290000 43 1 2256.988037 0.006006 0 2257.575684 0.004307 2 2273.186035 0.002537 3 3911.163818 0.000062 4 3931.681152 0.000250 5 3951.437988 0.006246 6 3951.598877 0.013180 7 3952.336670 0.007375 8 3954.260498 0.000548 9 3997.626709 0.000108 11 5936.418457 0.000004 10 5938.388184 0.000004 12 5939.294922 0.000010 13 5981.021973 0.000014 14 5981.254883 0.000024 15 5981.789551 0.000056 16 5982.895996 0.000138 17 6023.228516 0.001394 18 6023.808594 0.005596 19 6024.188965 0.005619 20 6024.362305 0.001323 24 6067.250000 0.000015 21 6067.513184 0.000187 23 6067.526855 0.000028 22 6067.597168 0.000060 27 6110.120117 0.000004 26 6110.456543 0.000006 25 6110.983887 0.000009 28 6952.709473 0.000111 29 6953.654785 0.000163 30 6954.739746 0.000074 33 8389.728516 0.000006 31 8389.866211 0.000001 32 8390.139648 0.000002 34 8409.993164 0.000023 37 8434.245117 0.000312 36 8434.347656 0.000385 35 8434.583008 0.000109 38 8442.043945 0.000082 39 8462.848633 0.000022 40 8474.369141 0.000005 41 8477.863281 0.000004 42 8487.548828 0.000001
0.300000 43 0 2257.883789 0.004422 1 2258.509521 0.006748 2 2264.086182 0.003131 3 3911.359863 0.000062 4 3947.653076 0.000270 5 3951.588623 0.006770 6 3951.874023 0.014508 7 3952.472412 0.008221 8 3954.111328 0.000545 9 3997.780029 0.000112 11 5934.437988 0.000003 10 5939.203613 0.000004 12 5940.653320 0.000008 13 5981.447754 0.000011 14 5981.882324 0.000020 15 5982.705566 0.000045 16 5986.267578 0.000131 17 6021.760742 0.001267 18 6023.558105 0.004708 19 6024.214844 0.004755 20 6024.500488 0.001154 24 6066.556641 0.000012 21 6067.416992 0.000165 23 6067.690918 0.000024 22 6067.815918 0.000048 26 6110.180664 0.000005 27 6110.479492 0.000003 25 6112.225586 0.000007 28 6952.409668 0.000087 29 6953.620117 0.000123 30 6954.895996 0.000057 32 8390.683594 0.000002 33 8391.768555 0.000006 31 8392.723633 0.000001 34 8426.418945 0.000019 37 8432.829102 0.000214 36 8434.368164 0.000300 35 8436.193359 0.000076 38 8443.428711 0.000036 40 8478.967773 0.000005 39 8480.293945 0.000020 41 8481.676758 0.000003 42 8498.214844 0.000001
0.310000 43 0 2258.089111 0.004416 1 2259.151123 0.006856 2 2262.403564 0.003237 3 3910.874512 0.000060 4 3936.167480 0.000236 5 3951.611572 0.007236 6 3951.992188 0.015658 7 3952.540283 0.008935 8 3954.284912 0.000552 9 3997.562744 0.000108 11 5935.989258 0.000003 10 5939.196777 0.000003 12 5940.066406 0.000007 13 5981.545898 0.000010 14 5981.710938 0.000018 15 5982.201172 0.000040 16 5983.859375 0.000130 17 6021.416504 0.001026 18 6023.719238 0.003845 19 6024.400879 0.004032 20 6024.595703 0.001030 24 6067.163574 0.000011 21 6067.505371 0.000141 23 6067.536621 0.000021 22 6067.973145 0.000043 26 6110.477051 0.000004 27 6110.659668 0.000003 25 6111.136230 0.000006 28 6952.166016 0.000067 29 6953.481934 0.000092 30 6955.219238 0.000044 32 8389.647461 0.000002 31 8391.926758 0.000001 33 8392.074219 0.000005 34 8416.690430 0.000013 37 8432.509766 0.000193 36 8434.227539 0.000261 35 8436.145508 0.000069 38 8447.724609 0.000032 39 8469.166016 0.000015 40 8479.582031 0.000004 41 8483.014648 0.000003 42 8498.314453 0.000001
0.320000 43 0 2258.270996 0.004381 1 2259.591553 0.006819 2 2262.414795 0.003231 3 3910.233643 0.000058 4 3918.410156 0.000188 5 3951.605225 0.007690 6 3952.074707 0.016766 7 3952.593018 0.009619 8 3954.531738 0.000562 9 3997.260498 0.000101 11 5938.346680 0.000004 10 5939.001465 0.000003 12 5939.035645 0.000005 16 5980.130859 0.000131 14 5981.356445 0.000017 15 5981.372070 0.000037 13 5981.568848 0.000009 17 6021.329102 0.000760 18 6023.974121 0.002989 19 6024.623047 0.003342 20 6024.680664 0.000915 23 6067.309570 0.000017 21 6067.635742 0.000117 24 6068.067383 0.000010 22 6068.116211 0.000039 25 6109.514160 0.000005 27 6110.799316 0.000002 26 6110.904297 0.000004 28 6951.935059 0.000049 29 6953.320312 0.000062 30 6955.581543 0.000032 32 8388.251953 0.000001 31 8390.294922 0.000001 33 8391.985352 0.000003 34 8400.987305 0.000007 37 8432.440430 0.000190 36 8434.050781 0.000233 35 8435.719727 0.000066 39 8451.510742 0.000009 38 8452.684570 0.000039 40 8479.287109 0.000002 41 8483.786133 0.000002 42 8496.000977 0.000001
0.330000 43 0 2258.292236 0.004280 1 2259.616943 0.006411 2 2262.433594 0.002935 4 3910.449707 0.000152 3 3910.585693 0.000055 5 3951.629395 0.008035 6 3952.137695 0.017657 7 3952.634277 0.010172 8 3954.721924 0.000560 9 3997.263428 0.000098 12 5937.488281 0.000004 10 5938.123047 0.000003 11 5939.969238 0.000004 16 5978.320801 0.000116 15 5980.575684 0.000032 14 5980.942383 0.000015 13 5981.590820 0.000008 17 6021.734863 0.000535 18 6024.543945 0.002291 20 6024.858398 0.000811 19 6024.975098 0.002761 23 6067.333008 0.000014 21 6067.698242 0.000098 22 6067.973633 0.000034 24 6068.170410 0.000008 25 6109.524414 0.000005 27 6110.708008 0.000002 26 6110.829590 0.000003 28 6951.404297 0.000036 29 6952.131836 0.000039 30 6956.540039 0.000022 32 8388.145508 0.000001 31 8391.148438 0.000001 33 8392.493164 0.000002 34 8393.068359 0.000004 37 8433.107422 0.000181 36 8433.972656 0.000209 35 8434.904297 0.000062 39 8445.638672 0.000006 38 8452.232422 0.000043 40 8476.659180 0.000001 41 8483.043945 0.000001 42 8492.076172 0.000001
0.340000 43 0 2258.147705 0.004108 1 2259.214111 0.005620 2 2262.459717 0.002340 3 3911.962158 0.000049 4 3912.602051 0.000128 5 3951.684814 0.008268 6 3952.180664 0.018323 7 3952.663818 0.010588 8 3954.853271 0.000546 9 3997.581055 0.000099 12 5935.406738 0.000003 10 5936.539551 0.000002 11 5940.833008 0.000003 16 5978.491699 0.000085 15 5979.813477 0.000026 14 5980.465332 0.000012 13 5981.611328 0.000006 17 6022.650391 0.000354 20 6025.132812 0.000717 18 6025.439453 0.001756 19 6025.461914 0.002292 24 6067.447266 0.000007 22 6067.536621 0.000030 23 6067.614258 0.000012 21 6067.689941 0.000084 26 6110.237793 0.000003 27 6110.377930 0.000002 25 6111.218750 0.000004 29 6949.882812 0.000023 28 6950.563965 0.000028 30 6958.114746 0.000015 32 8389.371094 0.000001 34 8393.183594 0.000005 33 8393.618164 0.000001 31 8394.567383 0.000001 35 8433.685547 0.000056 36 8433.995117 0.000187 37 8434.534180 0.000167 38 8446.192383 0.000044 39 8451.931641 0.000005 40 8471.623047 0.000001 41 8480.738281 0.000001 42 8486.489258 0.000001
0.350000 43 0 2257.940918 0.003945 1 2258.652588 0.004864 2 2264.385254 0.001740 3 3914.878174 0.000084 4 3916.667969 0.000150 5 3951.715820 0.008511 6 3952.217041 0.018844 7 3952.718506 0.010978 8 3957.757324 0.000573 9 3997.776611 0.000146 12 5935.243652 0.000004 10 5935.295410 0.000003 11 5941.622559 0.000004 15 5979.299316 0.000022 16 5979.324707 0.000059 14 5979.534668 0.000011 13 5980.187988 0.000006 17 6021.273926 0.000191 20 6025.399414 0.000630 19 6025.952148 0.001859 18 6026.303711 0.001279 21 6065.016602 0.000073 22 6065.363281 0.000027 23 6066.700684 0.000011 24 6069.552246 0.000007 26 6110.464844 0.000004 27 6111.483887 0.000003 25 6112.429199 0.000005 29 6947.504883 0.000010 28 6949.833496 0.000021 30 6959.322266 0.000009 32 8388.850586 0.000001 34 8395.746094 0.000006 33 8395.869141 0.000001 31 8397.081055 0.000001 35 8432.749023 0.000051 36 8433.973633 0.000165 37 8435.707031 0.000150 38 8440.970703 0.000043 39 8456.203125 0.000004 40 8469.430664 0.000001 41 8479.594727 0.000000 42 8483.605469 0.000001
0.360000 43 1 2257.315430 0.004280 0 2257.430664 0.003823 2 2275.579590 0.001123 3 3925.305664 0.000318 4 3930.071533 0.000404 5 3951.627686 0.008804 6 3952.220703 0.018662 7 3952.895020 0.011244 8 3974.193115 0.000795 9 3997.376709 0.000417 10 5935.709961 0.000008 11 5942.050293 0.000009 12 5944.439453 0.000009 13 5971.717285 0.000011 14 5976.389648 0.000018 15 5979.998047 0.000032 16 5983.390625 0.000058 17 6008.712402 0.000116 20 6025.627930 0.000583 19 6026.460938 0.001598 18 6027.015625 0.001084 21 6049.337402 0.000074 22 6054.716797 0.000028 23 6059.952148 0.000021 24 6085.462891 0.000019 25 6111.278320 0.000016 26 6114.687500 0.000013 27 6119.599121 0.000011 29 6944.497559 0.000016 28 6949.642090 0.000022 30 6958.737793 0.000008 32 8379.815430 0.000004 31 8395.176758 0.000003 33 8403.617188 0.000004 34 8410.249023 0.000007 35 8433.190430 0.000047 36 8433.733398 0.000138 37 8435.639648 0.000119 38 8439.740234 0.000033 39 8450.616211 0.000007 40 8481.118164 0.000002 41 8484.125977 0.000002 42 8493.912109 0.000003
0.370000 43 1 2255.978271 0.003697 0 2256.920410 0.003701 2 2286.773926 0.000507 3 3935.733398 0.000552 4 3943.474854 0.000658 5 3951.539795 0.009097 6 3952.224609 0.018481 7 3953.071533 0.011510 8 3990.628662 0.001018 9 3996.977051 0.000689 10 5936.124023 0.000013 11 5942.478027 0.000014 12 5953.635254 0.000014 13 5963.246582 0.000016 14 5973.244141 0.000025 15 5980.696777 0.000041 16 5987.456055 0.000058 17 5996.150391 0.000040 20 6025.856445 0.000535 19 6026.970215 0.001337 18 6027.727539 0.000888 21 6033.658203 0.000076 22 6044.070801 0.000030 23 6053.203613 0.000031 24 6101.373047 0.000030 25 6110.127441 0.000027 26 6118.910645 0.000023 27 6127.714355 0.000020 29 6941.490234 0.000021 28 6949.450684 0.000024 30 6958.153320 0.000006 32 8370.780273 0.000006 31 8393.271484 0.000006 33 8411.365234 0.000006 34 8424.751953 0.000009 36 8433.493164 0.000111 35 8433.630859 0.000044 37 8435.572266 0.000089 38 8438.508789 0.000023 39 8445.028320 0.000009 41 8488.657227 0.000004 40 8492.804688 0.000004 42 8504.219727 0.000004
0.380000 43 0 2255.732666 0.003327 1 2256.355713 0.003316 2 2280.125977 0.000927 3 3932.200684 0.001086 4 3941.033447 0.001720 5 3950.082764 0.008918 6 3952.118896 0.016004 7 3954.266602 0.010779 8 3982.497559 0.002223 9 3990.296631 0.001188 10 5935.198730 0.000020 11 5943.143066 0.000023 12 5955.388672 0.000024 13 5963.259766 0.000029 14 5974.145020 0.000039 15 5983.664062 0.000059 16 5993.813965 0.000077 17 6004.172363 0.000114 18 6026.712891 0.000757 19 6027.447754 0.001084 20 6027.898438 0.000518 21 6038.947266 0.000120 22 6048.617188 0.000068 23 6058.725098 0.000058 24 6095.512695 0.000053 25 6103.812500 0.000046 26 6113.929688 0.000041 27 6123.814453 0.000036 29 6945.008789 0.000026 28 6948.505859 0.000028 30 6957.966309 0.000011 32 8376.164062 0.000011 31 8387.296875 0.000010 33 8407.357422 0.000011 34 8419.547852 0.000014 35 8431.373047 0.000043 36 8432.430664 0.000084 37 8435.498047 0.000063 38 8438.331055 0.000020 39 8452.073242 0.000009 40 8487.519531 0.000007 41 8487.632812 0.000007 42 8501.671875 0.000008
0.390000 43 0 2254.423828 0.002908 1 2257.040527 0.002971 2 2270.281982 0.001534 3 3926.166992 0.001673 4 3935.753418 0.002926 5 3948.380615 0.008654 6 3951.993896 0.013116 7 3955.644287 0.009868 8 3969.965576 0.003604 9 3982.491211 0.001728 10 5934.033691 0.000029 11 5943.851074 0.000032 12 5955.808594 0.000036 13 5964.792480 0.000043 14 5975.770508 0.000054 15 5987.037598 0.000079 16 6000.582520 0.000101 17 6015.881836 0.000214 18 6025.389648 0.000638 19 6027.919922 0.000831 20 6030.265137 0.000506 21 6047.992676 0.000172 22 6055.885254 0.000112 23 6066.444824 0.000088 24 6085.751953 0.000077 25 6096.571777 0.000066 26 6107.299316 0.000061 27 6117.761719 0.000054 28 6947.425781 0.000033 29 6949.696777 0.000031 30 6957.851074 0.000018 31 8380.592773 0.000015 32 8384.131836 0.000016 33 8401.243164 0.000017 34 8410.813477 0.000021 35 8428.630859 0.000043 36 8431.219727 0.000056 37 8435.421875 0.000039 38 8438.342773 0.000018 39 8461.381836 0.000009 40 8479.193359 0.000010 41 8485.613281 0.000010 42 8496.821289 0.000011
