par-text-partials-format
point-type time frequency amplitude
partials-count 25
partials-data
0 18 0.000000 0.394739
0.000000 2971.582031 0.004307 0.023220 2971.999268 0.002255 0.046440 2991.881348 0.000340 0.069660 2992.240234 0.000556 0.092880 2954.471924 0.000506 0.116100 2956.926270 0.000408 0.139320 2952.276855 0.000661 0.162540 2950.899170 0.000559 0.185760 2953.822266 0.000376 0.208980 2955.939209 0.000369 0.232200 2953.375244 0.000449 0.255419 2952.440430 0.000426 0.278639 2953.825928 0.000352 0.301859 2954.512207 0.000364 0.325079 2953.112061 0.000387 0.348299 2953.037842 0.000356 0.371519 2992.527832 0.000671 0.394739 2973.288574 0.001754
1 18 0.000000 0.394739
0.000000 2982.348633 0.008367 0.023220 2989.306641 0.007510 0.046440 2996.374756 0.005897 0.069660 2996.646973 0.005820 0.092880 2996.280029 0.005924 0.116100 2995.768311 0.005497 0.139320 2996.671143 0.004262 0.162540 2998.300537 0.004072 0.185760 2996.818115 0.004665 0.208980 2995.955566 0.004714 0.232200 2996.336670 0.004296 0.255419 2996.855469 0.004042 0.278639 2996.598389 0.003974 0.301859 2996.434570 0.003706 0.325079 2996.888916 0.003374 0.348299 2997.121094 0.003285 0.371519 2996.647705 0.003827 0.394739 2990.890625 0.004631
2 18 0.000000 0.394739
0.000000 2993.115234 0.011742 0.023220 2995.055664 0.019750 0.046440 2996.370117 0.020455 0.069660 2996.634521 0.019887 0.092880 2996.454834 0.019227 0.116100 2996.400146 0.017942 0.139320 2996.748047 0.016264 0.162540 2997.088623 0.015551 0.185760 2996.807617 0.015684 0.208980 2996.492920 0.015484 0.232200 2996.525146 0.014789 0.255419 2996.651611 0.014106 0.278639 2996.638428 0.013537 0.301859 2996.638916 0.012857 0.325079 2996.764893 0.012184 0.348299 2996.831543 0.011772 0.371519 2996.526855 0.011171 0.394739 2995.273438 0.007307
3 18 0.000000 0.394739
0.000000 3003.881836 0.010967 0.023220 3000.228516 0.016899 0.046440 2997.582764 0.016425 0.069660 2996.593506 0.015552 0.092880 2996.516846 0.014916 0.116100 2996.586914 0.014104 0.139320 2996.692627 0.013336 0.162540 2996.784180 0.012785 0.185760 2996.747070 0.012444 0.208980 2996.641602 0.012119 0.232200 2996.608154 0.011696 0.255419 2996.626709 0.011218 0.278639 2996.651123 0.010741 0.301859 2996.678223 0.010278 0.325079 2996.718506 0.009851 0.348299 2996.739014 0.009501 0.371519 2997.097412 0.009210 0.394739 2999.506592 0.006666
4 18 0.000000 0.394739
0.000000 3014.648438 0.006751 0.023220 3007.189453 0.004121 0.046440 2996.760254 0.002166 0.069660 2996.270996 0.001736 0.092880 2996.685547 0.001855 0.116100 2996.559326 0.001722 0.139320 2996.683838 0.001696 0.162540 2996.503174 0.001647 0.185760 2996.690918 0.001552 0.208980 2996.700684 0.001487 0.232200 2996.731201 0.001435 0.255419 2996.657715 0.001386 0.278639 2996.667236 0.001335 0.301859 2996.664062 0.001291 0.325079 2996.666016 0.001248 0.348299 2996.654053 0.001203 0.371519 2995.316895 0.001560 0.394739 3004.447266 0.003448
5 18 0.000000 0.394739
0.000000 3025.415039 0.003222 0.023220 3023.589844 0.001949 0.046440 3045.177979 0.000249 0.069660 3041.415527 0.000458 0.092880 3037.616943 0.000288 0.116100 3041.700195 0.000327 0.139320 3038.637695 0.000320 0.162540 3040.045166 0.000287 0.185760 3039.636963 0.000290 0.208980 3039.736084 0.000271 0.232200 3039.744629 0.000261 0.255419 3039.817627 0.000251 0.278639 3039.708496 0.000244 0.301859 3039.763184 0.000234 0.325079 3039.707764 0.000228 0.348299 3039.720215 0.000218 0.371519 3041.022705 0.000638 0.394739 3021.389404 0.001390
6 18 0.000000 0.394739
0.000000 5824.731445 0.003325 0.023220 5826.354492 0.001826 0.046440 5814.678711 0.000057 0.069660 5826.562500 0.000138 0.092880 5837.765137 0.000084 0.116100 5836.666992 0.000077 0.139320 5836.446289 0.000040 0.162540 5837.759766 0.000044 0.185760 5841.587402 0.000050 0.208980 5835.486328 0.000038 0.232200 5840.132812 0.000024 0.255419 5839.010742 0.000019 0.278639 5838.696777 0.000026 0.301859 5837.442871 0.000029 0.325079 5839.634766 0.000024 0.348299 5840.192383 0.000020 0.371519 5809.935547 0.000129 0.394739 5827.312012 0.000409
7 18 0.000000 0.394739
0.000000 5835.498047 0.004258 0.023220 5836.775391 0.002413 0.046440 5839.570801 0.000383 0.069660 5841.694824 0.000619 0.092880 5843.295410 0.000563 0.116100 5842.209473 0.000344 0.139320 5844.003906 0.000155 0.162540 5837.006348 0.000069 0.185760 5841.536621 0.000082 0.208980 5829.894043 0.000059 0.232200 5841.953125 0.000047 0.255419 5840.049805 0.000036 0.278639 5837.761719 0.000045 0.301859 5836.979004 0.000056 0.325079 5840.630859 0.000047 0.348299 5839.790039 0.000037 0.371519 5818.148926 0.000134 0.394739 5837.844727 0.000471
8 18 0.000000 0.394739
0.000000 5846.264648 0.005343 0.023220 5849.097168 0.002384 0.046440 5865.198242 0.000823 0.069660 5841.695801 0.000706 0.092880 5846.388184 0.000817 0.116100 5855.062012 0.000913 0.139320 5852.799316 0.000548 0.162540 5825.301270 0.000216 0.185760 5852.375488 0.000462 0.208980 5834.989258 0.000111 0.232200 5842.240723 0.000092 0.255419 5832.497559 0.000071 0.278639 5844.595215 0.000173 0.301859 5836.034668 0.000092 0.325079 5838.546387 0.000106 0.348299 5841.274902 0.000095 0.371519 5827.194336 0.000161 0.394739 5848.298340 0.000686
9 18 0.000000 0.394739
0.000000 5857.031250 0.008998 0.023220 5859.838379 0.004355 0.046440 5866.645508 0.001077 0.069660 5844.456543 0.000612 0.092880 5877.183594 0.001631 0.116100 5845.721680 0.002092 0.139320 5866.382324 0.001970 0.162540 5859.327148 0.001717 0.185760 5871.977539 0.001092 0.208980 5837.282715 0.000741 0.232200 5870.665039 0.000229 0.255419 5858.820312 0.000607 0.278639 5873.656250 0.000526 0.301859 5839.517578 0.000367 0.325079 5840.514160 0.000322 0.348299 5838.239258 0.000279 0.371519 5836.610352 0.000342 0.394739 5856.775879 0.001053
10 18 0.000000 0.394739
0.000000 5867.797852 0.017084 0.023220 5873.530273 0.017295 0.046440 5880.177246 0.012246 0.069660 5880.786621 0.011307 0.092880 5881.823242 0.008714 0.116100 5882.646973 0.006672 0.139320 5884.606934 0.009615 0.162540 5878.021484 0.009416 0.185760 5881.662109 0.004232 0.208980 5885.919922 0.003768 0.232200 5881.085449 0.005038 0.255419 5879.000488 0.004135 0.278639 5882.938965 0.002564 0.301859 5884.215332 0.002736 0.325079 5882.712402 0.003073 0.348299 5882.104492 0.003303 0.371519 5881.116211 0.003514 0.394739 5877.000488 0.003387
11 18 0.000000 0.394739
0.000000 5878.564453 0.022838 0.023220 5879.636230 0.035563 0.046440 5880.179199 0.033344 0.069660 5880.571289 0.032138 0.092880 5881.757324 0.032304 0.116100 5883.009766 0.031765 0.139320 5883.054688 0.031844 0.162540 5882.103027 0.026715 0.185760 5882.530273 0.017624 0.208980 5882.523926 0.012766 0.232200 5880.324707 0.011337 0.255419 5879.991211 0.011377 0.278639 5882.075684 0.011493 0.301859 5883.387695 0.012156 0.325079 5883.329590 0.012595 0.348299 5882.891602 0.011955 0.371519 5882.097656 0.009800 0.394739 5880.760742 0.005358
12 18 0.000000 0.394739
0.000000 5889.331055 0.020908 0.023220 5885.613281 0.026381 0.046440 5880.589355 0.019093 0.069660 5879.263184 0.022012 0.092880 5882.009277 0.027521 0.116100 5883.388184 0.030054 0.139320 5883.598145 0.028214 0.162540 5883.466309 0.022905 0.185760 5883.247559 0.015678 0.208980 5882.190918 0.008879 0.232200 5878.164062 0.005664 0.255419 5878.914551 0.007848 0.278639 5882.442871 0.010380 0.301859 5883.621582 0.011719 0.325079 5883.844727 0.011844 0.348299 5883.613281 0.010589 0.371519 5883.363770 0.008164 0.394739 5884.494629 0.004716
13 18 0.000000 0.394739
0.000000 5900.097656 0.013393 0.023220 5895.696289 0.008047 0.046440 5895.044434 0.001216 0.069660 5896.077148 0.002602 0.092880 5885.849121 0.004883 0.116100 5885.806152 0.006066 0.139320 5885.200195 0.005491 0.162540 5885.001953 0.004658 0.185760 5885.337402 0.003390 0.208980 5886.264160 0.001837 0.232200 5891.828125 0.000800 0.255419 5892.685059 0.001281 0.278639 5886.467285 0.001986 0.301859 5885.296387 0.002426 0.325079 5885.150391 0.002405 0.348299 5885.143066 0.002077 0.371519 5884.326660 0.001588 0.394739 5886.283691 0.002145
14 18 0.000000 0.394739
0.000000 5910.864258 0.007336 0.023220 5907.700195 0.004386 0.046440 5891.189453 0.000395 0.069660 5920.052246 0.000380 0.092880 5925.008301 0.000686 0.116100 5922.855957 0.000535 0.139320 5928.226074 0.000680 0.162540 5927.054199 0.000527 0.185760 5926.499023 0.000426 0.208980 5925.254883 0.000267 0.232200 5923.947266 0.000149 0.255419 5919.851074 0.000119 0.278639 5924.625488 0.000226 0.301859 5926.093262 0.000260 0.325079 5926.383301 0.000271 0.348299 5927.149414 0.000237 0.371519 5926.539062 0.000398 0.394739 5906.908691 0.000566
15 18 0.000000 0.394739
0.000000 5921.630859 0.005134 0.023220 5919.611328 0.002646 0.046440 5941.888184 0.000242 0.069660 5920.308105 0.000193 0.092880 5925.611816 0.000139 0.116100 5927.339355 0.000206 0.139320 5924.833984 0.000218 0.162540 5927.083496 0.000192 0.185760 5925.979492 0.000148 0.208980 5925.019043 0.000098 0.232200 5924.073242 0.000057 0.255419 5921.982422 0.000054 0.278639 5923.976074 0.000075 0.301859 5925.652832 0.000091 0.325079 5926.296387 0.000090 0.348299 5926.655273 0.000081 0.371519 5931.848633 0.000215 0.394739 5920.735352 0.000576
16 18 0.000000 0.394739
0.000000 5932.397461 0.003802 0.023220 5930.896484 0.001878 0.046440 5953.503418 0.000103 0.069660 5922.470703 0.000071 0.092880 5923.077637 0.000101 0.116100 5924.933105 0.000112 0.139320 5925.814453 0.000092 0.162540 5926.973145 0.000083 0.185760 5926.443848 0.000068 0.208980 5925.011719 0.000049 0.232200 5923.959473 0.000028 0.255419 5922.466797 0.000027 0.278639 5924.230957 0.000037 0.301859 5925.569824 0.000042 0.325079 5925.949707 0.000040 0.348299 5926.329102 0.000036 0.371519 5939.729004 0.000128 0.394739 5931.622070 0.000394
17 18 0.000000 0.394739
0.000000 9937.573242 0.004051 0.023220 9939.612305 0.002022 0.046440 9955.727539 0.000117 0.069660 9935.184570 0.000108 0.092880 9934.641602 0.000098 0.116100 9929.827148 0.000186 0.139320 9934.767578 0.000189 0.162540 9936.128906 0.000080 0.185760 9931.366211 0.000025 0.208980 9930.091797 0.000029 0.232200 9938.454102 0.000019 0.255419 9927.282227 0.000007 0.278639 9937.158203 0.000015 0.301859 9941.145508 0.000005 0.325079 9919.614258 0.000006 0.348299 9940.758789 0.000003 0.371519 9925.523438 0.000008 0.394739 9940.355469 0.000023
18 18 0.000000 0.394739
0.000000 9948.339844 0.005891 0.023220 9950.903320 0.003088 0.046440 9967.375000 0.000689 0.069660 9932.270508 0.000337 0.092880 9932.862305 0.000335 0.116100 9938.234375 0.000162 0.139320 9968.794922 0.000079 0.162540 9935.392578 0.000132 0.185760 9933.459961 0.000110 0.208980 9935.339844 0.000040 0.232200 9927.720703 0.000043 0.255419 9939.957031 0.000042 0.278639 9968.775391 0.000009 0.301859 9936.908203 0.000030 0.325079 9940.459961 0.000012 0.348299 9964.273438 0.000017 0.371519 9945.661133 0.000012 0.394739 9948.828125 0.000022
19 18 0.000000 0.394739
0.000000 9959.106445 0.011256 0.023220 9964.827148 0.008185 0.046440 9972.885742 0.002989 0.069660 9977.671875 0.001723 0.092880 9978.565430 0.001324 0.116100 9975.829102 0.001390 0.139320 9975.040039 0.001133 0.162540 9974.165039 0.000724 0.185760 9976.151367 0.000362 0.208980 9978.452148 0.000251 0.232200 9978.081055 0.000227 0.255419 9974.708008 0.000200 0.278639 9975.714844 0.000168 0.301859 9974.116211 0.000101 0.325079 9975.295898 0.000062 0.348299 9940.112305 0.000030 0.371519 9973.415039 0.000046 0.394739 9972.875000 0.000060
20 18 0.000000 0.394739
0.000000 9969.873047 0.016799 0.023220 9972.573242 0.023158 0.046440 9975.162109 0.017022 0.069660 9976.759766 0.011843 0.092880 9976.793945 0.009049 0.116100 9976.170898 0.007111 0.139320 9975.631836 0.005237 0.162540 9975.673828 0.003554 0.185760 9976.403320 0.002356 0.208980 9976.850586 0.001710 0.232200 9976.528320 0.001346 0.255419 9975.958984 0.001051 0.278639 9975.726562 0.000775 0.301859 9975.797852 0.000529 0.325079 9976.482422 0.000344 0.348299 9977.204102 0.000253 0.371519 9976.005859 0.000205 0.394739 9974.066406 0.000125
21 18 0.000000 0.394739
0.000000 9980.639648 0.017180 0.023220 9978.610352 0.024904 0.046440 9976.970703 0.019511 0.069660 9976.367188 0.014162 0.092880 9976.627930 0.010581 0.116100 9976.327148 0.007712 0.139320 9975.901367 0.005514 0.162540 9975.884766 0.003903 0.185760 9976.216797 0.002767 0.208980 9976.460938 0.002015 0.232200 9976.367188 0.001514 0.255419 9976.142578 0.001140 0.278639 9976.018555 0.000834 0.301859 9976.097656 0.000590 0.325079 9976.364258 0.000413 0.348299 9976.528320 0.000300 0.371519 9976.491211 0.000221 0.394739 9977.349609 0.000128
22 18 0.000000 0.394739
0.000000 9991.406250 0.011980 0.023220 9985.570312 0.010220 0.046440 9978.453125 0.004940 0.069660 9975.317383 0.003854 0.092880 9977.184570 0.002948 0.116100 9976.644531 0.001959 0.139320 9976.006836 0.001324 0.162540 9975.679688 0.000980 0.185760 9976.077148 0.000735 0.208980 9976.240234 0.000536 0.232200 9976.288086 0.000389 0.255419 9976.280273 0.000286 0.278639 9976.291016 0.000211 0.301859 9976.230469 0.000154 0.325079 9976.171875 0.000112 0.348299 9976.278320 0.000080 0.371519 9976.156250 0.000061 0.394739 9979.663086 0.000068
23 18 0.000000 0.394739
0.000000 10002.172852 0.006145 0.023220 9999.358398 0.003002 0.046440 9985.199219 0.000979 0.069660 10021.987305 0.000364 0.092880 10015.879883 0.000379 0.116100 10020.655273 0.000272 0.139320 10019.877930 0.000207 0.162540 10019.237305 0.000130 0.185760 10018.723633 0.000097 0.208980 10019.049805 0.000071 0.232200 10019.484375 0.000052 0.255419 10019.372070 0.000037 0.278639 10019.302734 0.000028 0.301859 10019.324219 0.000021 0.325079 10019.140625 0.000015 0.348299 10019.336914 0.000011 0.371519 10020.750000 0.000011 0.394739 10000.553711 0.000016
24 18 0.000000 0.394739
0.000000 10012.939453 0.003987 0.023220 10010.960938 0.001941 0.046440 9993.996094 0.000160 0.069660 10020.770508 0.000202 0.092880 10017.651367 0.000099 0.116100 10020.110352 0.000091 0.139320 10019.747070 0.000060 0.162540 10019.697266 0.000046 0.185760 10018.513672 0.000032 0.208980 10019.055664 0.000023 0.232200 10019.294922 0.000016 0.255419 10019.596680 0.000012 0.278639 10019.354492 0.000009 0.301859 10019.167969 0.000007 0.325079 10019.142578 0.000005 0.348299 10018.936523 0.000003 0.371519 10025.415039 0.000004 0.394739 10013.175781 0.000015
