par-text-partials-format
point-type time frequency amplitude
partials-count 24
partials-data
0 18 0.000000 0.394739
0.000000 2497.851562 0.002408 0.023220 2505.255859 0.002179 0.046440 2512.582764 0.002439 0.069660 2509.937012 0.003648 0.092880 2508.749023 0.004879 0.116100 2508.127686 0.005713 0.139320 2508.012451 0.006136 0.162540 2507.783203 0.006045 0.185760 2507.895264 0.005292 0.208980 2508.355225 0.004217 0.232200 2508.923584 0.003123 0.255419 2509.868164 0.002114 0.278639 2512.125488 0.001442 0.301859 2513.444824 0.001615 0.325079 2510.831055 0.002346 0.348299 2509.254639 0.003164 0.371519 2507.958984 0.004091 0.394739 2503.801514 0.003874
1 18 0.000000 0.394739
0.000000 2508.618164 0.003352 0.023220 2510.267578 0.005705 0.046440 2511.015625 0.006806 0.069660 2510.220703 0.008300 0.092880 2509.263916 0.009851 0.116100 2508.685791 0.011025 0.139320 2508.440918 0.011591 0.162540 2508.365479 0.011340 0.185760 2508.465576 0.010276 0.208980 2508.792725 0.008717 0.232200 2509.305908 0.007045 0.255419 2510.052246 0.005589 0.278639 2510.983887 0.004749 0.301859 2511.295166 0.004847 0.325079 2510.521729 0.005666 0.348299 2509.582764 0.006730 0.371519 2508.941406 0.007314 0.394739 2508.638428 0.004981
2 18 0.000000 0.394739
0.000000 2519.384766 0.003046 0.023220 2515.072998 0.004408 0.046440 2511.255859 0.004438 0.069660 2510.055664 0.004873 0.092880 2509.512939 0.005207 0.116100 2508.917480 0.005529 0.139320 2508.852783 0.005737 0.162540 2508.825439 0.005602 0.185760 2508.870605 0.005231 0.208980 2509.098389 0.004690 0.232200 2509.457275 0.004089 0.255419 2509.913818 0.003559 0.278639 2510.284912 0.003250 0.301859 2510.418945 0.003231 0.325079 2510.143066 0.003419 0.348299 2509.607422 0.003692 0.371519 2509.683838 0.004184 0.394739 2513.310791 0.003809
3 18 0.000000 0.394739
0.000000 5028.002930 0.003515 0.023220 5028.703125 0.002069 0.046440 5026.053223 0.000350 0.069660 5026.952637 0.000109 0.092880 5011.211914 0.000242 0.116100 5032.696777 0.000093 0.139320 5048.984375 0.000186 0.162540 5023.356445 0.000081 0.185760 5020.176270 0.000104 0.208980 5011.422363 0.000147 0.232200 5028.988770 0.000095 0.255419 5010.543457 0.000088 0.278639 5020.030273 0.000061 0.301859 5025.506348 0.000102 0.325079 5008.137207 0.000063 0.348299 5028.657227 0.000077 0.371519 5024.218750 0.000248 0.394739 5030.997070 0.000684
4 18 0.000000 0.394739
0.000000 5038.769531 0.003780 0.023220 5039.591309 0.001420 0.046440 5018.923340 0.000692 0.069660 5040.980469 0.000259 0.092880 5051.031250 0.000171 0.116100 5044.931641 0.000283 0.139320 5040.609863 0.000185 0.162540 5041.496582 0.000055 0.185760 5058.162598 0.000089 0.208980 5040.326660 0.000176 0.232200 5039.750488 0.000144 0.255419 5039.656738 0.000073 0.278639 5017.637695 0.000047 0.301859 5039.977539 0.000118 0.325079 5039.173340 0.000121 0.348299 5040.113281 0.000068 0.371519 5028.790039 0.000267 0.394739 5040.705078 0.000826
5 18 0.000000 0.394739
0.000000 5049.536133 0.005410 0.023220 5051.313477 0.002737 0.046440 5063.246094 0.000498 0.069660 5029.151855 0.000043 0.092880 5037.455078 0.000626 0.116100 5035.347168 0.000423 0.139320 5039.965820 0.000643 0.162540 5054.834473 0.000017 0.185760 5051.536621 0.000130 0.208980 5034.192871 0.000518 0.232200 5040.045898 0.000325 0.255419 5038.517090 0.000206 0.278639 5065.559570 0.000139 0.301859 5036.498535 0.000295 0.325079 5038.922363 0.000307 0.348299 5039.680664 0.000156 0.371519 5034.919922 0.000334 0.394739 5055.029785 0.001164
6 18 0.000000 0.394739
0.000000 5060.302734 0.006675 0.023220 5063.882324 0.006702 0.046440 5077.263184 0.002504 0.069660 5072.669922 0.001500 0.092880 5074.677246 0.001931 0.116100 5038.961426 0.002963 0.139320 5080.234375 0.002086 0.162540 5077.786133 0.001501 0.185760 5070.443359 0.001717 0.208980 5080.350098 0.001596 0.232200 5081.569336 0.001775 0.255419 5078.594238 0.000966 0.278639 5074.028320 0.000796 0.301859 5077.344727 0.001612 0.325079 5078.584961 0.001758 0.348299 5076.831543 0.000992 0.371519 5070.407715 0.000122 0.394739 5041.861816 0.002046
7 18 0.000000 0.394739
0.000000 5071.069336 0.008737 0.023220 5059.211914 0.004831 0.046440 5075.765137 0.018160 0.069660 5080.282227 0.022694 0.092880 5080.722656 0.017354 0.116100 5077.799316 0.008604 0.139320 5072.422852 0.010076 0.162540 5079.102539 0.015423 0.185760 5080.176270 0.013638 0.208980 5079.181641 0.007221 0.232200 5072.792969 0.005910 0.255419 5077.861328 0.010036 0.278639 5080.331543 0.010679 0.301859 5078.993164 0.007392 0.325079 5073.448242 0.005335 0.348299 5076.335938 0.007917 0.371519 5080.214844 0.008305 0.394739 5079.249023 0.006881
8 18 0.000000 0.394739
0.000000 5081.835938 0.016083 0.023220 5088.761230 0.024737 0.046440 5088.062988 0.046656 0.069660 5084.842773 0.056439 0.092880 5084.611328 0.042408 0.116100 5087.904785 0.018396 0.139320 5093.604980 0.024478 0.162540 5085.538574 0.037254 0.185760 5084.393555 0.032598 0.208980 5086.206055 0.016097 0.232200 5094.480957 0.013353 0.255419 5086.749512 0.024496 0.278639 5084.333496 0.024877 0.301859 5084.965820 0.013862 0.325079 5095.129883 0.007641 0.348299 5087.381348 0.017612 0.371519 5084.108887 0.018883 0.394739 5083.554199 0.010870
9 18 0.000000 0.394739
0.000000 5092.602539 0.020138 0.023220 5091.722168 0.037276 0.046440 5088.974609 0.044349 0.069660 5086.927734 0.044812 0.092880 5086.693848 0.037765 0.116100 5087.924316 0.029336 0.139320 5088.804688 0.028377 0.162540 5087.424316 0.030152 0.185760 5086.696777 0.027296 0.208980 5087.617188 0.021271 0.232200 5088.971680 0.019101 0.255419 5087.859375 0.020718 0.278639 5086.724609 0.019778 0.301859 5087.355957 0.015744 0.325079 5089.059570 0.013614 0.348299 5088.222656 0.014925 0.371519 5086.848633 0.014930 0.394739 5088.136719 0.009794
10 18 0.000000 0.394739
0.000000 5103.369141 0.016069 0.023220 5096.820801 0.016038 0.046440 5089.299805 0.009722 0.069660 5088.018555 0.008227 0.092880 5088.070801 0.007869 0.116100 5086.919434 0.007586 0.139320 5087.283691 0.006926 0.162540 5087.942871 0.005768 0.185760 5088.206055 0.005475 0.208980 5087.611816 0.005470 0.232200 5087.165039 0.004948 0.255419 5087.747070 0.004171 0.278639 5088.311035 0.003811 0.301859 5087.731934 0.003939 0.325079 5087.357422 0.003782 0.348299 5087.816406 0.003059 0.371519 5087.209473 0.003036 0.394739 5092.717285 0.004894
11 18 0.000000 0.394739
0.000000 5114.135742 0.008572 0.023220 5112.494141 0.004211 0.046440 5096.658691 0.001299 0.069660 5132.735352 0.001020 0.092880 5130.575684 0.001065 0.116100 5131.061523 0.001167 0.139320 5128.592285 0.000904 0.162540 5131.549805 0.000729 0.185760 5132.281738 0.000689 0.208980 5130.276855 0.000758 0.232200 5129.671875 0.000701 0.255419 5130.385742 0.000517 0.278639 5132.691406 0.000476 0.301859 5131.058594 0.000541 0.325079 5129.448242 0.000496 0.348299 5129.194824 0.000422 0.371519 5134.816406 0.000772 0.394739 5110.606445 0.001538
12 18 0.000000 0.394739
0.000000 5124.902344 0.005315 0.023220 5122.485840 0.002608 0.046440 5107.996094 0.000441 0.069660 5131.246094 0.000317 0.092880 5132.903809 0.000354 0.116100 5129.232910 0.000379 0.139320 5129.825195 0.000310 0.162540 5130.590820 0.000227 0.185760 5133.067871 0.000218 0.208980 5130.288086 0.000262 0.232200 5129.033691 0.000236 0.255419 5130.570312 0.000167 0.278639 5133.011719 0.000146 0.301859 5131.090820 0.000181 0.325079 5128.867188 0.000171 0.348299 5130.442871 0.000132 0.371519 5139.710938 0.000398 0.394739 5123.262695 0.001236
13 18 0.000000 0.394739
0.000000 5135.668945 0.004229 0.023220 5133.841309 0.002127 0.046440 5118.087891 0.000191 0.069660 5132.653809 0.000132 0.092880 5132.387207 0.000162 0.116100 5129.206055 0.000180 0.139320 5128.983398 0.000146 0.162540 5130.897461 0.000095 0.185760 5133.486816 0.000097 0.208980 5130.121094 0.000119 0.232200 5128.844238 0.000109 0.255419 5130.324219 0.000072 0.278639 5133.801758 0.000062 0.301859 5130.918457 0.000084 0.325079 5128.525391 0.000083 0.348299 5129.552246 0.000058 0.371519 5148.812988 0.000272 0.394739 5133.877441 0.000849
14 18 0.000000 0.394739
0.000000 5146.435547 0.003320 0.023220 5145.103516 0.001766 0.046440 5127.791504 0.000097 0.069660 5132.528320 0.000072 0.092880 5132.877441 0.000087 0.116100 5129.164062 0.000097 0.139320 5129.016113 0.000080 0.162540 5130.953125 0.000049 0.185760 5133.635742 0.000052 0.208980 5130.114746 0.000066 0.232200 5128.675293 0.000059 0.255419 5130.233398 0.000039 0.278639 5134.062012 0.000032 0.301859 5130.838867 0.000046 0.325079 5128.585449 0.000045 0.348299 5129.502441 0.000032 0.371519 5157.090820 0.000221 0.394739 5144.811035 0.000723
15 18 0.000000 0.394739
0.000000 8667.114258 0.003491 0.023220 8673.525391 0.002166 0.046440 8681.537109 0.000784 0.069660 8650.991211 0.000360 0.092880 8677.442383 0.000758 0.116100 8683.805664 0.000236 0.139320 8688.605469 0.000225 0.162540 8686.913086 0.000207 0.185760 8687.667969 0.000231 0.208980 8670.685547 0.000140 0.232200 8658.101562 0.000085 0.255419 8682.365234 0.000041 0.278639 8685.244141 0.000023 0.301859 8652.461914 0.000023 0.325079 8675.502930 0.000017 0.348299 8657.711914 0.000008 0.371519 8672.751953 0.000013 0.394739 8650.331055 0.000016
16 18 0.000000 0.394739
0.000000 8677.880859 0.005199 0.023220 8680.208008 0.006697 0.046440 8683.433594 0.005536 0.069660 8686.098633 0.005090 0.092880 8686.134766 0.004487 0.116100 8686.887695 0.002855 0.139320 8686.562500 0.001791 0.162540 8684.791992 0.001228 0.185760 8684.375000 0.001031 0.208980 8686.416016 0.000672 0.232200 8688.522461 0.000516 0.255419 8686.489258 0.000308 0.278639 8686.209961 0.000170 0.301859 8685.440430 0.000138 0.325079 8685.598633 0.000115 0.348299 8687.875977 0.000092 0.371519 8686.319336 0.000066 0.394739 8684.875000 0.000038
17 18 0.000000 0.394739
0.000000 8688.647461 0.005555 0.023220 8685.916992 0.005730 0.046440 8681.029297 0.006293 0.069660 8686.881836 0.008838 0.092880 8688.613281 0.007912 0.116100 8688.595703 0.004891 0.139320 8687.194336 0.002044 0.162540 8680.113281 0.001081 0.185760 8684.790039 0.001539 0.208980 8688.500000 0.001406 0.232200 8689.284180 0.000942 0.255419 8688.560547 0.000452 0.278639 8683.905273 0.000145 0.301859 8681.424805 0.000186 0.325079 8687.887695 0.000213 0.348299 8688.804688 0.000170 0.371519 8688.353516 0.000098 0.394739 8686.262695 0.000037
18 18 0.000000 0.394739
0.000000 8699.414062 0.004632 0.023220 8699.278320 0.002854 0.046440 8707.361328 0.003058 0.069660 8693.254883 0.005013 0.092880 8691.362305 0.004540 0.116100 8690.975586 0.002841 0.139320 8691.837891 0.001108 0.162540 8702.193359 0.000396 0.185760 8695.421875 0.000818 0.208980 8691.392578 0.000837 0.232200 8691.141602 0.000584 0.255419 8691.785156 0.000282 0.278639 8696.338867 0.000067 0.301859 8701.856445 0.000098 0.325079 8691.850586 0.000119 0.348299 8690.757812 0.000098 0.371519 8691.627930 0.000057 0.394739 8689.274414 0.000011
19 18 0.000000 0.394739
0.000000 8710.180664 0.003516 0.023220 8707.616211 0.002987 0.046440 8698.058594 0.001163 0.069660 8695.707031 0.000716 0.092880 8697.510742 0.000560 0.116100 8693.537109 0.000512 0.139320 8692.283203 0.000394 0.162540 8692.396484 0.000243 0.185760 8694.710938 0.000129 0.208980 8697.273438 0.000095 0.232200 8694.215820 0.000094 0.255419 8693.094727 0.000079 0.278639 8693.343750 0.000050 0.301859 8694.136719 0.000023 0.325079 8696.602539 0.000011 0.348299 8693.947266 0.000011 0.371519 8692.317383 0.000016 0.394739 8702.817383 0.000014
20 18 0.000000 0.394739
0.000000 13006.054688 0.002979 0.023220 13006.689453 0.004250 0.046440 13009.244141 0.003430 0.069660 13011.402344 0.002889 0.092880 13010.869141 0.002185 0.116100 13010.844727 0.001689 0.139320 13011.041992 0.001204 0.162540 13010.197266 0.000980 0.185760 13010.652344 0.000670 0.208980 13010.817383 0.000559 0.232200 13010.804688 0.000403 0.255419 13010.458008 0.000312 0.278639 13011.216797 0.000204 0.301859 13011.082031 0.000165 0.325079 13011.318359 0.000121 0.348299 13010.382812 0.000099 0.371519 13010.958984 0.000068 0.394739 13010.003906 0.000042
21 18 0.000000 0.394739
0.000000 13016.821289 0.002660 0.023220 13007.904297 0.002221 0.046440 13012.021484 0.004339 0.069660 13012.724609 0.002088 0.092880 13009.399414 0.002617 0.116100 13013.469727 0.001252 0.139320 13008.081055 0.001379 0.162540 13013.307617 0.000652 0.185760 13007.355469 0.000799 0.208980 13013.850586 0.000417 0.232200 13007.801758 0.000463 0.255419 13014.299805 0.000238 0.278639 13007.106445 0.000248 0.301859 13015.134766 0.000138 0.325079 13006.542969 0.000138 0.348299 13015.578125 0.000086 0.371519 13005.583008 0.000074 0.394739 13017.363281 0.000061
22 18 0.000000 0.394739
0.000000 13027.587891 0.002806 0.023220 13034.032227 0.003145 0.046440 13031.429688 0.004384 0.069660 13030.916016 0.002394 0.092880 13033.345703 0.002580 0.116100 13030.092773 0.001507 0.139320 13033.781250 0.001412 0.162540 13030.324219 0.000918 0.185760 13033.206055 0.000846 0.208980 13030.286133 0.000525 0.232200 13033.834961 0.000492 0.255419 13030.054688 0.000330 0.278639 13033.780273 0.000289 0.301859 13030.112305 0.000202 0.325079 13033.712891 0.000170 0.348299 13029.970703 0.000125 0.371519 13033.425781 0.000095 0.394739 13028.234375 0.000064
23 18 0.000000 0.394739
0.000000 13038.354492 0.003102 0.023220 13036.700195 0.004241 0.046440 13033.641602 0.003166 0.069660 13031.803711 0.002631 0.092880 13032.083984 0.001901 0.116100 13031.906250 0.001515 0.139320 13031.720703 0.001099 0.162540 13032.064453 0.000890 0.185760 13031.636719 0.000649 0.208980 13032.037109 0.000525 0.232200 13031.753906 0.000387 0.255419 13032.175781 0.000315 0.278639 13031.672852 0.000232 0.301859 13032.120117 0.000189 0.325079 13031.775391 0.000140 0.348299 13032.033203 0.000109 0.371519 13031.577148 0.000082 0.394739 13033.965820 0.000049
