par-text-frame-format
point-type index frequency amplitude
partials-count 19
frame-count 40
frame-data
0.000000 19 0 2799.316406 0.004249 1 2810.083008 0.009333 2 2820.849609 0.013733 3 2831.616211 0.013189 4 2842.382812 0.008258 5 2853.149414 0.003750 6 5523.266602 0.005393 7 5534.033203 0.006782 8 5544.799805 0.005387 9 9345.410156 0.004849 10 9356.176758 0.006922 11 9366.943359 0.010690 12 9377.709961 0.013619 13 9388.476562 0.012299 14 9399.243164 0.007829 15 9410.009766 0.004740 16 9420.776367 0.003697 17 19293.750000 0.003145 18 19304.515625 0.003067
0.010000 19 0 2799.987549 0.003253 1 2813.233887 0.009105 2 2821.813477 0.018041 3 2830.163574 0.016727 4 2839.066162 0.007200 5 2852.362061 0.003067 6 5526.299316 0.007618 7 5534.254883 0.011852 8 5542.246582 0.008674 9 9346.660156 0.004449 10 9356.292969 0.005774 11 9369.078125 0.009702 12 9378.313477 0.015927 13 9386.997070 0.013836 14 9396.451172 0.006179 15 9410.081055 0.004063 16 9419.375977 0.003180 17 19294.582031 0.003681 18 19303.464844 0.003561
0.020000 19 0 2800.658691 0.002257 1 2816.384766 0.008877 2 2822.777344 0.022349 3 2828.710693 0.020264 4 2835.749268 0.006142 5 2851.574707 0.002384 6 5529.332031 0.009844 7 5534.477051 0.016921 8 5539.693359 0.011960 9 9347.909180 0.004049 10 9356.409180 0.004626 11 9371.211914 0.008714 12 9378.917969 0.018234 13 9385.517578 0.015373 14 9393.659180 0.004529 15 9410.152344 0.003386 16 9417.976562 0.002663 17 19295.414062 0.004216 18 19302.414062 0.004054
0.030000 19 0 2805.814209 0.001576 1 2819.290527 0.008056 2 2823.520996 0.024030 3 2827.574951 0.021499 4 2831.934570 0.005101 5 2845.814453 0.001697 6 5530.883301 0.011562 7 5534.634766 0.021261 8 5538.578125 0.014444 9 9349.126953 0.003110 10 9353.495117 0.003336 11 9374.089844 0.007314 12 9379.571289 0.017434 13 9384.329102 0.014631 14 9390.321289 0.003598 15 9412.147461 0.002631 16 9415.382812 0.002030 17 19296.357422 0.004022 18 19301.375000 0.003870
0.040000 19 0 2813.099609 0.001043 1 2822.079590 0.006954 2 2824.159912 0.024463 3 2826.589600 0.021642 4 2827.883301 0.004067 5 2837.692627 0.001008 6 5531.730957 0.013040 7 5534.762695 0.025254 8 5538.146484 0.016547 10 9349.143555 0.001979 9 9350.329102 0.001916 11 9377.319336 0.005719 12 9380.247070 0.015158 13 9383.279297 0.012807 14 9386.725586 0.003008 16 9412.223633 0.001342 15 9415.054688 0.001840 17 19297.353516 0.003482 18 19300.343750 0.003364
0.050000 19 0 2811.985840 0.000721 1 2824.138672 0.006165 2 2824.674316 0.024595 4 2825.300781 0.003401 3 2825.845703 0.021636 5 2837.916992 0.000558 6 5532.277832 0.014043 7 5534.835938 0.027775 8 5537.762207 0.017773 10 9348.703125 0.001071 9 9351.258789 0.001032 11 9379.643555 0.004221 12 9380.891602 0.012900 13 9382.491211 0.011039 14 9383.506836 0.002442 16 9410.519531 0.000868 15 9415.524414 0.001274 17 19298.173828 0.003003 18 19299.488281 0.002905
0.060000 19 0 2795.678467 0.000780 1 2824.877686 0.005940 2 2824.962646 0.024180 4 2825.375244 0.003397 3 2825.538086 0.021358 5 2853.239258 0.000538 6 5532.280273 0.014187 7 5534.811035 0.027634 8 5537.463867 0.017410 9 9351.694336 0.000710 10 9355.337891 0.000975 11 9380.329102 0.002900 14 9380.971680 0.001921 12 9381.479492 0.010673 13 9382.179688 0.009370 16 9411.449219 0.000780 15 9411.581055 0.001116 17 19298.675781 0.002636 18 19298.953125 0.002531
0.070000 19 0 2779.973389 0.000832 3 2825.240723 0.021078 2 2825.240967 0.023769 4 2825.446777 0.003389 1 2825.584229 0.005725 5 2868.040039 0.000520 6 5532.278320 0.014281 7 5534.779785 0.027357 8 5537.182129 0.016979 9 9352.112305 0.000394 10 9361.501953 0.000873 14 9378.628906 0.001407 11 9381.051758 0.001623 13 9381.882812 0.007722 12 9382.054688 0.008486 15 9407.840820 0.000962 16 9412.331055 0.000691 18 19298.445312 0.002162 17 19299.152344 0.002272
0.080000 19 0 2781.363037 0.000719 2 2825.223633 0.023468 3 2825.237061 0.020697 1 2825.378174 0.005807 4 2825.429443 0.003282 5 2868.033691 0.000529 6 5532.146973 0.012943 7 5534.566895 0.023197 8 5537.355957 0.014600 9 9352.033203 0.000249 10 9354.306641 0.000583 14 9381.784180 0.001104 13 9381.985352 0.006685 12 9382.273438 0.007425 11 9382.795898 0.001623 15 9409.857422 0.000942 16 9411.882812 0.000560 18 19298.675781 0.001929 17 19298.927734 0.002010
0.090000 19 0 2782.752930 0.000605 1 2825.172119 0.005889 2 2825.206055 0.023166 3 2825.233154 0.020316 4 2825.412354 0.003174 5 2868.027344 0.000537 6 5532.015625 0.011605 7 5534.354004 0.019037 8 5537.529785 0.012220 10 9347.111328 0.000294 9 9351.954102 0.000103 13 9382.088867 0.005647 12 9382.493164 0.006364 11 9384.540039 0.001624 14 9384.939453 0.000801 16 9411.434570 0.000430 15 9411.874023 0.000921 17 19298.701172 0.001748 18 19298.904297 0.001696
0.100000 19 0 2782.854004 0.000614 1 2825.071289 0.005792 2 2825.179688 0.022789 3 2825.208740 0.019942 4 2825.291504 0.003093 5 2868.225098 0.000526 6 5531.667969 0.010468 7 5532.895020 0.014245 8 5538.863281 0.009519 10 9343.960938 0.000167 9 9344.556641 0.000059 13 9382.073242 0.004844 12 9382.296875 0.005538 11 9383.770508 0.001542 14 9384.555664 0.000762 16 9410.765625 0.000363 15 9412.524414 0.000786 17 19298.724609 0.001526 18 19298.947266 0.001484
0.110000 19 0 2782.433838 0.000671 1 2825.013184 0.005624 4 2825.128906 0.003023 2 2825.149414 0.022382 3 2825.175781 0.019571 5 2868.504883 0.000506 7 5530.932617 0.009196 6 5531.232910 0.009413 8 5540.666504 0.006688 9 9334.199219 0.000056 10 9342.447266 0.000107 12 9381.931641 0.004806 11 9381.985352 0.001426 13 9382.010742 0.004136 14 9382.741211 0.000829 16 9410.005859 0.000323 15 9412.621094 0.000605 17 19298.847656 0.001319 18 19298.916016 0.001281
0.120000 19 0 2782.062012 0.000688 1 2825.024902 0.005494 4 2825.060547 0.002961 2 2825.134033 0.021977 3 2825.154297 0.019206 5 2868.570068 0.000490 7 5528.879395 0.006952 6 5530.750977 0.008749 8 5542.389160 0.005325 9 9330.321289 0.000060 10 9340.549805 0.000088 11 9380.842773 0.001255 14 9381.118164 0.000799 12 9381.712891 0.004116 13 9381.943359 0.003502 16 9409.976562 0.000288 15 9411.907227 0.000464 18 19298.875000 0.001102 17 19298.916016 0.001140
0.130000 19 0 2781.764893 0.000643 4 2825.139648 0.002913 2 2825.141846 0.021576 1 2825.145996 0.005423 3 2825.150879 0.018852 5 2868.298828 0.000480 7 5526.684082 0.009094 6 5530.197266 0.008694 8 5543.986328 0.006256 9 9336.577148 0.000075 10 9338.051758 0.000136 14 9379.793945 0.000617 11 9380.704102 0.000998 12 9381.724609 0.003491 13 9381.869141 0.002985 15 9409.925781 0.000386 16 9411.089844 0.000261 18 19298.816406 0.000964 17 19298.896484 0.001004
0.140000 19 0 2781.522461 0.000600 3 2825.147461 0.018497 2 2825.148193 0.021175 4 2825.212158 0.002865 1 2825.251221 0.005350 5 2868.053955 0.000470 7 5524.905273 0.011241 6 5529.723633 0.008635 8 5545.271484 0.007221 10 9336.921875 0.000178 9 9342.364258 0.000089 14 9378.744141 0.000439 11 9380.689453 0.000751 12 9381.746094 0.002883 13 9381.797852 0.002481 15 9408.197266 0.000313 16 9412.102539 0.000233 18 19298.759766 0.000829 17 19298.871094 0.000871
0.150000 19 0 2782.025635 0.000596 2 2825.135742 0.020773 1 2825.136719 0.005254 3 2825.146973 0.018135 4 2825.190430 0.002803 5 2868.171143 0.000464 7 5528.839844 0.013464 6 5530.354492 0.008515 8 5542.278320 0.008643 9 9341.728516 0.000075 10 9354.554688 0.000149 14 9381.462891 0.000323 13 9381.767578 0.002162 12 9381.916016 0.002512 11 9382.373047 0.000650 15 9409.928711 0.000311 16 9411.748047 0.000188 18 19298.710938 0.000729 17 19298.748047 0.000773
0.160000 19 0 2782.529053 0.000593 1 2825.022217 0.005158 2 2825.123047 0.020372 3 2825.146484 0.017774 4 2825.168945 0.002742 5 2868.288574 0.000458 6 5530.985840 0.008394 7 5532.774414 0.015686 8 5539.285156 0.010066 9 9341.092773 0.000061 10 9372.186523 0.000120 13 9381.738281 0.001843 12 9382.085938 0.002142 11 9384.055664 0.000549 14 9384.180664 0.000207 16 9411.392578 0.000143 15 9411.661133 0.000310 17 19298.625000 0.000675 18 19298.660156 0.000629
0.170000 19 0 2782.376953 0.000585 1 2825.039551 0.005039 2 2825.124268 0.019952 3 2825.145264 0.017415 4 2825.163330 0.002687 5 2868.262695 0.000449 6 5531.758789 0.007668 7 5534.268066 0.015787 8 5538.190430 0.010393 9 9344.797852 0.000045 10 9367.910156 0.000102 13 9381.751953 0.001605 12 9381.978516 0.001872 11 9383.132812 0.000506 14 9383.882812 0.000211 16 9410.662109 0.000121 15 9412.218750 0.000266 17 19298.568359 0.000592 18 19298.623047 0.000551
0.180000 19 0 2782.001709 0.000576 1 2825.101807 0.004914 2 2825.130127 0.019525 3 2825.143555 0.017058 4 2825.163330 0.002633 5 2868.188232 0.000439 6 5532.579590 0.006736 7 5534.930664 0.015164 8 5537.741699 0.010347 9 9349.979492 0.000027 10 9356.175781 0.000089 11 9381.323242 0.000483 12 9381.777344 0.001636 13 9381.781250 0.001395 14 9382.557617 0.000256 16 9409.802734 0.000107 15 9412.376953 0.000209 17 19298.533203 0.000513 18 19298.591797 0.000480
0.190000 19 0 2781.854248 0.000566 2 2825.137207 0.019109 1 2825.142334 0.004797 3 2825.143555 0.016706 4 2825.158936 0.002580 5 2868.165283 0.000430 6 5533.418457 0.005899 7 5535.404297 0.013934 8 5537.557617 0.009791 9 9353.251953 0.000018 10 9353.993164 0.000073 11 9380.535156 0.000433 14 9381.254883 0.000263 12 9381.674805 0.001415 13 9381.811523 0.001203 16 9409.795898 0.000096 15 9411.741211 0.000163 17 19298.544922 0.000444 18 19298.585938 0.000417
0.200000 19 0 2782.015869 0.000554 3 2825.145508 0.016361 2 2825.145752 0.018707 4 2825.148682 0.002527 1 2825.153076 0.004691 5 2868.212402 0.000421 6 5534.280762 0.005193 7 5535.621582 0.011879 8 5537.732910 0.008541 9 9353.929688 0.000020 10 9364.785156 0.000054 14 9379.982422 0.000217 11 9381.133789 0.000346 12 9381.707031 0.001212 13 9381.843750 0.001038 15 9410.027344 0.000132 16 9410.948242 0.000089 17 19298.615234 0.000386 18 19298.617188 0.000365
0.210000 19 0 2782.154785 0.000543 4 2825.139160 0.002474 3 2825.147461 0.016019 2 2825.153564 0.018308 1 2825.164062 0.004587 5 2868.251465 0.000412 6 5534.931152 0.004554 7 5535.708984 0.009757 8 5538.013672 0.007261 9 9354.028320 0.000021 10 9372.874023 0.000037 14 9379.085938 0.000171 11 9381.708008 0.000265 12 9381.743164 0.001017 13 9381.872070 0.000877 15 9408.621094 0.000104 16 9411.954102 0.000080 18 19298.646484 0.000314 17 19298.681641 0.000331
0.220000 19 0 2782.092041 0.000532 4 2825.136475 0.002423 3 2825.147705 0.015697 2 2825.156738 0.017941 1 2825.176758 0.004492 5 2868.217285 0.000405 6 5533.717773 0.004507 7 5534.657227 0.007045 8 5539.220703 0.005722 9 9349.023438 0.000015 10 9357.166016 0.000032 14 9381.500977 0.000123 12 9381.822266 0.000886 13 9381.868164 0.000761 11 9382.068359 0.000235 15 9409.916992 0.000106 16 9411.664062 0.000065 18 19298.648438 0.000277 17 19298.708984 0.000292
0.230000 19 0 2782.029297 0.000521 4 2825.133789 0.002371 3 2825.147949 0.015376 2 2825.159912 0.017573 1 2825.189697 0.004398 5 2868.183350 0.000397 6 5532.504395 0.004460 7 5533.605957 0.004334 8 5540.427734 0.004182 10 9341.458984 0.000028 9 9344.018555 0.000009 13 9381.864258 0.000646 12 9381.900391 0.000754 11 9382.428711 0.000205 14 9383.915039 0.000075 15 9411.211914 0.000108 16 9411.375000 0.000049 18 19298.652344 0.000240 17 19298.734375 0.000254
0.240000 19 0 2782.050049 0.000511 4 2825.129150 0.002323 3 2825.145996 0.015076 2 2825.159912 0.017237 1 2825.191650 0.004315 5 2868.180176 0.000389 7 5529.040527 0.004155 6 5531.091309 0.004610 8 5542.147461 0.003942 9 9339.751953 0.000007 10 9340.241211 0.000024 12 9381.848633 0.000651 13 9381.865234 0.000558 11 9381.981445 0.000182 14 9383.916992 0.000077 16 9410.646484 0.000042 15 9411.828125 0.000094 17 19298.689453 0.000223 18 19298.691406 0.000211
0.250000 19 0 2782.093994 0.000502 4 2825.124023 0.002275 3 2825.143311 0.014781 2 2825.158936 0.016908 1 2825.190918 0.004234 5 2868.185791 0.000379 7 5523.484375 0.004690 6 5529.622559 0.004815 8 5544.012207 0.004068 9 9335.693359 0.000006 10 9343.110352 0.000021 11 9381.306641 0.000161 12 9381.760742 0.000555 13 9381.868164 0.000477 14 9383.238281 0.000092 16 9409.792969 0.000038 15 9412.251953 0.000074 17 19298.625000 0.000193 18 19298.744141 0.000184
0.260000 19 0 2782.095459 0.000494 4 2825.118896 0.002227 3 2825.137939 0.014499 2 2825.155518 0.016600 1 2825.192871 0.004160 5 2868.183105 0.000371 7 5523.057617 0.005935 6 5529.144043 0.004966 8 5543.927246 0.004596 9 9335.472656 0.000005 10 9350.614258 0.000019 11 9381.243164 0.000138 12 9381.723633 0.000472 13 9381.845703 0.000405 14 9382.082031 0.000092 16 9409.863281 0.000034 15 9411.778320 0.000058 17 19298.654297 0.000167 18 19298.765625 0.000160
0.270000 19 0 2782.046387 0.000487 4 2825.114258 0.002178 3 2825.129639 0.014229 2 2825.149170 0.016316 1 2825.198242 0.004096 5 2868.170654 0.000365 7 5528.700684 0.008021 6 5529.836426 0.005055 8 5541.536133 0.005597 9 9339.792969 0.000004 10 9363.601562 0.000019 14 9380.360352 0.000072 12 9381.747070 0.000404 13 9381.793945 0.000341 11 9381.900391 0.000113 15 9410.244141 0.000045 16 9411.025391 0.000031 18 19298.753906 0.000139 17 19298.792969 0.000145
0.280000 19 0 2781.998535 0.000479 4 2825.108398 0.002129 3 2825.120361 0.013963 2 2825.141113 0.016038 1 2825.200195 0.004035 5 2868.158936 0.000358 6 5530.614258 0.005114 7 5533.662109 0.009873 8 5539.356445 0.006492 9 9342.844727 0.000003 10 9373.431641 0.000019 14 9379.068359 0.000053 13 9381.740234 0.000281 12 9381.751953 0.000338 11 9382.365234 0.000090 15 9409.078125 0.000034 16 9412.025391 0.000028 18 19298.742188 0.000120 17 19298.904297 0.000125
0.290000 19 0 2781.956543 0.000470 4 2825.093750 0.002082 3 2825.104492 0.013716 2 2825.122314 0.015797 1 2825.179932 0.003997 5 2868.153564 0.000350 6 5531.930664 0.004985 7 5534.295898 0.010240 8 5538.515137 0.006706 9 9337.841797 0.000004 10 9363.211914 0.000015 14 9380.505859 0.000037 11 9381.604492 0.000085 12 9381.641602 0.000291 13 9381.684570 0.000243 15 9410.244141 0.000035 16 9411.995117 0.000023 18 19298.740234 0.000106 17 19298.830078 0.000111
0.300000 19 0 2781.914551 0.000460 4 2825.079102 0.002035 3 2825.088623 0.013468 2 2825.103760 0.015556 1 2825.159424 0.003959 5 2868.147949 0.000342 6 5533.247559 0.004856 7 5534.929688 0.010607 8 5537.673828 0.006920 9 9332.839844 0.000005 10 9352.991211 0.000010 11 9380.844727 0.000079 12 9381.531250 0.000244 13 9381.628906 0.000204 14 9381.942383 0.000021 15 9411.411133 0.000036 16 9411.965820 0.000018 18 19298.738281 0.000092 17 19298.757812 0.000097
0.310000 19 0 2781.930420 0.000448 3 2825.071289 0.013227 4 2825.072754 0.001991 2 2825.074463 0.015325 1 2825.098877 0.003931 5 2868.149658 0.000335 6 5533.213379 0.004740 7 5535.011719 0.009793 8 5537.483398 0.006384 9 9337.574219 0.000006 10 9357.350586 0.000010 11 9380.834961 0.000063 12 9381.626953 0.000206 13 9381.722656 0.000176 14 9383.030273 0.000023 16 9411.035156 0.000015 15 9411.952148 0.000032 17 19298.662109 0.000086 18 19298.708984 0.000080
0.320000 19 0 2781.959473 0.000435 1 2825.029053 0.003905 2 2825.042480 0.015095 3 2825.053467 0.012988 4 2825.068115 0.001947 5 2868.152588 0.000328 6 5532.870605 0.004627 7 5534.967773 0.008710 8 5537.441406 0.005677 9 9344.533203 0.000006 10 9365.040039 0.000010 11 9380.998047 0.000045 12 9381.770508 0.000169 13 9381.851562 0.000150 14 9384.037109 0.000028 16 9409.899414 0.000012 15 9412.350586 0.000026 17 19298.558594 0.000075 18 19298.671875 0.000070
0.330000 19 0 2782.019531 0.000423 1 2824.957764 0.003864 2 2825.013428 0.014844 3 2825.039062 0.012743 4 2825.068848 0.001907 5 2868.161377 0.000321 6 5532.399902 0.004277 7 5534.607422 0.007193 8 5537.781250 0.004769 9 9347.886719 0.000005 10 9363.252930 0.000009 11 9381.616211 0.000034 13 9381.977539 0.000128 12 9382.001953 0.000140 14 9383.226562 0.000029 16 9409.722656 0.000011 15 9411.802734 0.000021 17 19298.533203 0.000065 18 19298.636719 0.000061
0.340000 19 0 2782.111572 0.000412 1 2824.885010 0.003808 2 2824.987305 0.014570 3 2825.028320 0.012493 4 2825.074951 0.001869 5 2868.175537 0.000313 6 5531.795898 0.003680 7 5533.918945 0.005230 8 5538.516113 0.003655 9 9347.520508 0.000003 10 9351.684570 0.000007 14 9380.538086 0.000025 13 9382.100586 0.000109 12 9382.325195 0.000119 11 9382.706055 0.000028 15 9410.280273 0.000016 16 9410.535156 0.000010 17 19298.583984 0.000056 18 19298.605469 0.000053
0.350000 19 0 2781.888916 0.000433 1 2824.830566 0.003787 2 2824.947754 0.014259 4 2825.011963 0.001867 3 2825.044922 0.012232 5 2868.303467 0.000342 6 5531.207520 0.003159 7 5532.577148 0.003503 8 5539.704102 0.002672 10 9341.857422 0.000005 9 9348.027344 0.000002 14 9378.659180 0.000021 13 9382.211914 0.000091 12 9382.570312 0.000099 11 9383.625000 0.000023 15 9409.108398 0.000012 16 9411.377930 0.000010 18 19298.593750 0.000045 17 19298.628906 0.000048
0.360000 19 0 2780.129639 0.000608 4 2824.611572 0.002038 2 2824.843262 0.013765 1 2824.865967 0.003933 3 2825.195068 0.011920 5 2868.986084 0.000546 7 5528.043945 0.002932 6 5530.691895 0.003002 8 5543.105957 0.002326 10 9340.528320 0.000005 9 9352.791992 0.000002 14 9380.726562 0.000014 13 9382.266602 0.000079 12 9382.431641 0.000088 11 9383.712891 0.000022 15 9409.656250 0.000012 16 9412.365234 0.000008 17 19298.650391 0.000042 18 19298.667969 0.000040
0.370000 19 0 2778.370605 0.000784 4 2824.211182 0.002208 2 2824.738525 0.013270 1 2824.901611 0.004080 3 2825.345215 0.011609 5 2869.668945 0.000749 7 5523.510742 0.002361 6 5530.176758 0.002845 8 5546.507812 0.001980 10 9339.199219 0.000004 9 9357.556641 0.000001 12 9382.292969 0.000076 13 9382.321289 0.000067 14 9382.793945 0.000008 11 9383.799805 0.000020 15 9410.203125 0.000012 16 9413.351562 0.000006 17 19298.669922 0.000036 18 19298.744141 0.000035
0.380000 19 0 2786.397705 0.001208 1 2822.831787 0.004496 2 2824.238037 0.011480 3 2826.165283 0.010258 4 2827.043701 0.002970 5 2862.390869 0.001089 7 5526.081543 0.002514 6 5528.633789 0.002730 8 5546.104492 0.002118 10 9345.845703 0.000006 9 9355.207031 0.000003 12 9381.685547 0.000063 11 9381.791016 0.000022 13 9382.811523 0.000056 14 9383.754883 0.000012 15 9408.269531 0.000009 16 9417.523438 0.000005 17 19298.199219 0.000030 18 19299.328125 0.000029
0.390000 19 0 2796.178223 0.001677 1 2820.385010 0.004960 2 2823.666748 0.009457 3 2827.105469 0.008721 4 2830.455078 0.003839 5 2853.686768 0.001453 6 5526.906250 0.002623 7 5529.925293 0.002798 8 5545.020020 0.002344 9 9351.583984 0.000006 10 9353.921875 0.000007 11 9379.405273 0.000024 12 9380.994141 0.000050 13 9383.378906 0.000046 14 9384.516602 0.000017 15 9405.890625 0.000006 16 9422.266602 0.000003 17 19297.638672 0.000024 18 19300.003906 0.000024
