par-text-frame-format
point-type index frequency amplitude
partials-count 21
frame-count 40
frame-data
0.000000 21 0 1765.722656 0.004855 1 1776.489258 0.005439 2 1787.255859 0.003989 3 3585.278320 0.003536 4 3596.044922 0.004334 5 3606.811523 0.004036 6 3617.578125 0.003433 7 6201.562500 0.004829 8 6212.329102 0.006890 9 6223.095703 0.006465 10 6233.862305 0.004171 11 9410.009766 0.004682 12 9420.776367 0.006156 13 9431.542969 0.005611 14 9442.309570 0.003588 15 11251.098633 0.002937 16 11261.865234 0.002939 17 13102.954102 0.005725 18 13113.720703 0.008229 19 13124.487305 0.008135 20 13135.253906 0.005492
0.010000 21 0 1767.605835 0.005917 1 1775.922485 0.007272 2 1784.325684 0.004139 3 3587.352051 0.003636 4 3595.805420 0.005257 5 3604.256348 0.003132 6 3618.287354 0.003661 7 6203.823242 0.005887 8 6212.721680 0.009235 9 6221.465332 0.007593 10 6231.836426 0.003500 11 9412.199219 0.004716 12 9421.204102 0.007409 13 9430.107422 0.006231 14 9440.177734 0.003069 15 11252.061523 0.003526 16 11260.789062 0.003472 17 13105.370117 0.005274 18 13114.729492 0.009879 19 13123.427734 0.009830 20 13132.569336 0.005027
0.020000 21 0 1769.489014 0.006980 1 1775.355835 0.009105 2 1781.395386 0.004289 3 3589.425781 0.003736 4 3595.565918 0.006179 5 3601.700928 0.002228 6 3618.996582 0.003890 7 6206.083984 0.006945 8 6213.113770 0.011581 9 6219.834473 0.008721 10 6229.810547 0.002830 11 9414.389648 0.004751 12 9421.631836 0.008663 13 9428.671875 0.006852 14 9438.045898 0.002549 15 11253.024414 0.004115 16 11259.711914 0.004005 17 13107.785156 0.004823 18 13115.738281 0.011529 19 13122.367188 0.011525 20 13129.883789 0.004562
0.030000 21 0 1771.034668 0.007282 1 1774.959229 0.009992 2 1778.790649 0.004201 3 3593.536621 0.003004 4 3596.475342 0.006970 5 3598.721436 0.004005 6 3618.179688 0.004582 7 6207.733398 0.006346 8 6213.436523 0.011996 9 6218.272949 0.008720 10 6235.273926 0.002077 11 9416.500000 0.004214 12 9421.941406 0.008345 13 9427.210938 0.006281 14 9434.938477 0.001859 15 11253.941406 0.004013 16 11258.722656 0.003923 17 13110.695312 0.003833 18 13116.750977 0.011244 19 13121.514648 0.011465 20 13126.721680 0.003807
0.040000 21 0 1772.419922 0.007224 1 1774.643311 0.010431 2 1776.340576 0.004000 5 3595.540283 0.007054 4 3597.930176 0.007697 3 3598.614990 0.001878 6 3616.637939 0.005495 7 6209.091797 0.004961 8 6213.726074 0.011495 9 6216.744141 0.008184 10 6244.293945 0.001286 11 9418.572266 0.003407 12 9422.195312 0.007282 13 9425.736328 0.005145 14 9431.368164 0.001088 15 11254.836914 0.003582 16 11257.775391 0.003550 17 13113.838867 0.002587 18 13117.764648 0.010039 19 13120.759766 0.010572 20 13123.331055 0.002913
0.050000 21 0 1773.476074 0.007172 1 1774.440796 0.010742 2 1774.747314 0.003918 5 3595.328125 0.010019 4 3599.405029 0.008544 3 3601.843994 0.001293 6 3614.813721 0.006373 7 6210.816406 0.003840 8 6214.095215 0.010652 9 6215.849121 0.007587 10 6246.331055 0.000960 11 9420.208984 0.002630 12 9422.458008 0.006169 13 9424.478516 0.004147 14 9427.923828 0.000557 15 11255.640625 0.003175 16 11257.041992 0.003183 17 13116.885742 0.001667 18 13118.679688 0.008887 19 13120.187500 0.009620 20 13120.919922 0.002259
0.060000 21 0 1773.937012 0.007129 1 1774.442993 0.010819 2 1774.703857 0.004051 5 3600.486328 0.012830 4 3600.916016 0.009606 3 3601.728027 0.001686 6 3612.478516 0.007188 7 6213.203125 0.003195 8 6214.608398 0.009189 9 6216.099609 0.006881 10 6235.736328 0.001475 11 9421.057617 0.001910 12 9422.738281 0.004967 13 9423.611328 0.003398 14 9424.707031 0.000457 15 11256.278320 0.002807 16 11256.695312 0.002828 18 13119.415039 0.007831 17 13119.758789 0.001337 19 13119.948242 0.008564 20 13120.278320 0.002035
0.070000 21 0 1774.383667 0.007086 1 1774.447998 0.010891 2 1774.667114 0.004179 3 3601.559814 0.002061 4 3602.380859 0.010625 5 3605.473145 0.015533 6 3610.204102 0.007967 8 6215.100098 0.007753 7 6215.544922 0.002567 9 6216.293457 0.006154 10 6225.562988 0.001962 14 9421.600586 0.000358 11 9421.942383 0.001209 13 9422.773438 0.002661 12 9423.017578 0.003787 16 11256.362305 0.002477 15 11256.887695 0.002446 20 13119.662109 0.001811 19 13119.714844 0.007518 18 13120.119141 0.006792 17 13122.501953 0.001020
0.080000 21 0 1774.421753 0.007028 1 1774.528931 0.010829 2 1774.818726 0.004179 3 3599.911133 0.001913 4 3602.530762 0.010399 5 3605.585693 0.015161 6 3609.650146 0.007721 9 6214.872559 0.004801 8 6214.980957 0.007056 7 6216.628906 0.002420 10 6227.372070 0.001661 14 9421.669922 0.000267 13 9422.776367 0.002251 12 9423.280273 0.003211 11 9423.875977 0.001077 16 11256.408203 0.002243 15 11256.693359 0.002238 19 13119.694336 0.006749 20 13119.759766 0.001603 18 13119.957031 0.006256 17 13121.545898 0.001059
0.090000 21 0 1774.459961 0.006971 1 1774.609863 0.010766 2 1774.970337 0.004179 3 3598.262451 0.001765 4 3602.680908 0.010173 5 3605.698486 0.014790 6 3609.095947 0.007475 9 6213.452148 0.003447 8 6214.861816 0.006359 7 6217.712891 0.002273 10 6229.181641 0.001360 14 9421.740234 0.000176 13 9422.779297 0.001840 12 9423.542969 0.002635 11 9425.808594 0.000945 16 11256.453125 0.002009 15 11256.499023 0.002030 19 13119.673828 0.005979 18 13119.794922 0.005721 20 13119.857422 0.001394 17 13120.590820 0.001097
0.100000 21 0 1774.451416 0.006898 1 1774.607422 0.010580 2 1774.986206 0.004065 3 3599.292725 0.001650 4 3602.598877 0.009218 5 3605.605469 0.012523 6 3609.169678 0.006694 9 6213.094238 0.003563 8 6214.767090 0.006033 7 6216.290527 0.002099 10 6230.370605 0.001353 14 9421.585938 0.000158 13 9422.977539 0.001575 12 9423.498047 0.002234 11 9424.998047 0.000820 15 11256.341797 0.001819 16 11256.518555 0.001794 17 13119.519531 0.001083 18 13119.540039 0.005197 19 13119.565430 0.005329 20 13119.750977 0.001214
0.110000 21 0 1774.424072 0.006818 1 1774.571289 0.010344 2 1774.947144 0.003904 3 3601.406738 0.001550 4 3602.423096 0.007968 5 3605.429199 0.009491 6 3609.497314 0.005696 9 6213.166504 0.004273 7 6213.855469 0.001915 8 6214.681641 0.005857 10 6231.308105 0.001465 14 9421.340820 0.000169 11 9423.078125 0.000698 13 9423.255859 0.001370 12 9423.327148 0.001904 15 11256.199219 0.001607 16 11256.590820 0.001586 17 13118.401367 0.001046 18 13119.247070 0.004678 19 13119.421875 0.004728 20 13119.562500 0.001044
0.120000 21 0 1774.377197 0.006735 1 1774.492920 0.010081 2 1774.812134 0.003712 4 3601.884521 0.007011 5 3602.685303 0.006769 3 3602.795898 0.001517 6 3610.327881 0.004901 7 6213.281250 0.001871 9 6213.951660 0.004601 8 6214.716797 0.005685 10 6231.049316 0.001478 14 9421.979492 0.000171 11 9422.135742 0.000589 12 9423.250977 0.001596 13 9423.551758 0.001172 15 11256.144531 0.001401 16 11256.611328 0.001387 17 13118.032227 0.000955 18 13119.083984 0.004175 19 13119.300781 0.004180 20 13119.403320 0.000901
0.130000 21 0 1774.299927 0.006648 1 1774.348511 0.009776 2 1774.526855 0.003472 5 3595.925781 0.004535 4 3600.778320 0.006512 3 3603.051025 0.001592 6 3611.945068 0.004425 8 6214.941406 0.005520 7 6215.619141 0.002048 9 6215.852051 0.004331 10 6228.918945 0.001338 11 9422.722656 0.000501 12 9423.321289 0.001324 13 9423.875977 0.000986 14 9423.999023 0.000161 15 11256.226562 0.001204 16 11256.550781 0.001199 17 13118.836914 0.000779 18 13119.123047 0.003695 19 13119.216797 0.003715 20 13119.290039 0.000798
0.140000 21 1 1774.203125 0.009480 0 1774.223022 0.006562 2 1774.233643 0.003239 5 3590.017822 0.002684 4 3599.773193 0.006099 3 3603.250732 0.001656 6 3613.413574 0.004036 8 6215.146484 0.005327 7 6217.507324 0.002196 9 6217.519043 0.004045 10 6227.181641 0.001184 11 9423.232422 0.000411 12 9423.393555 0.001056 13 9424.171875 0.000802 14 9425.892578 0.000150 15 11256.312500 0.001012 16 11256.496094 0.001015 19 13119.136719 0.003259 18 13119.161133 0.003227 20 13119.175781 0.000696 17 13119.566406 0.000613
0.150000 21 2 1773.830933 0.003093 1 1774.043335 0.009295 0 1774.151123 0.006505 5 3595.774170 0.006093 4 3600.153809 0.006866 3 3602.689453 0.001579 6 3612.841064 0.004848 7 6213.240234 0.001943 8 6215.087402 0.004754 9 6215.980469 0.003527 10 6230.826660 0.000856 11 9422.686523 0.000311 12 9423.491211 0.000860 13 9424.085938 0.000646 14 9426.049805 0.000120 15 11256.449219 0.000879 16 11256.524414 0.000884 20 13119.053711 0.000613 19 13119.108398 0.002917 18 13119.177734 0.002903 17 13119.271484 0.000580
0.160000 21 2 1773.428223 0.002948 1 1773.883423 0.009111 0 1774.079346 0.006449 4 3600.534424 0.007633 5 3601.530762 0.009502 3 3602.128418 0.001503 6 3612.268799 0.005660 7 6208.972656 0.001690 9 6214.442383 0.003009 8 6215.028809 0.004181 10 6234.471191 0.000529 11 9422.141602 0.000211 12 9423.589844 0.000663 13 9423.999023 0.000490 14 9426.208008 0.000090 16 11256.553711 0.000753 15 11256.585938 0.000746 20 13118.930664 0.000529 17 13118.976562 0.000548 19 13119.079102 0.002574 18 13119.195312 0.002579
0.170000 21 2 1773.281128 0.002959 1 1773.822021 0.009096 0 1774.042847 0.006432 4 3601.281006 0.008146 3 3601.447998 0.001453 5 3603.899902 0.011330 6 3611.338867 0.006247 7 6201.582520 0.001489 9 6214.635742 0.003134 8 6215.893555 0.003935 10 6233.631348 0.000646 11 9423.374023 0.000178 12 9423.539062 0.000536 13 9423.600586 0.000382 14 9425.781250 0.000068 15 11256.543945 0.000634 16 11256.651367 0.000645 20 13118.849609 0.000472 19 13119.047852 0.002309 18 13119.175781 0.002322 17 13119.353516 0.000495
0.180000 21 2 1773.221069 0.003023 1 1773.794067 0.009137 0 1774.018555 0.006429 3 3600.726807 0.001413 4 3602.151855 0.008573 5 3605.116211 0.012619 6 3610.287109 0.006758 7 6193.129883 0.001305 9 6215.418945 0.003477 8 6217.072754 0.003799 10 6231.265137 0.000916 13 9423.096680 0.000290 12 9423.438477 0.000434 14 9425.156250 0.000047 11 9425.211914 0.000168 15 11256.440430 0.000530 16 11256.772461 0.000544 20 13118.783203 0.000424 19 13119.015625 0.002071 18 13119.143555 0.002088 17 13119.958984 0.000435
0.190000 21 2 1773.341797 0.003133 1 1773.829834 0.009233 0 1774.020264 0.006436 3 3600.285400 0.001424 4 3602.608887 0.008550 5 3605.838867 0.012624 6 3609.753418 0.006845 7 6191.752441 0.001374 9 6216.197754 0.003560 8 6217.296875 0.003829 10 6229.076172 0.001017 13 9422.627930 0.000221 12 9423.167969 0.000351 11 9425.274414 0.000151 14 9431.580078 0.000031 15 11256.526367 0.000442 16 11256.776367 0.000457 20 13118.806641 0.000383 19 13119.011719 0.001856 18 13119.080078 0.001875 17 13119.820312 0.000394
0.200000 21 2 1773.707886 0.003306 1 1773.952148 0.009403 0 1774.057251 0.006459 3 3600.223389 0.001505 4 3602.503418 0.007916 5 3605.891602 0.010885 6 3609.923584 0.006354 7 6199.985352 0.001786 8 6216.224121 0.004084 9 6216.971191 0.003289 10 6227.128418 0.000890 13 9422.207031 0.000183 12 9422.669922 0.000294 11 9422.926758 0.000126 14 9447.578125 0.000020 16 11256.620117 0.000386 15 11256.871094 0.000376 17 13118.671875 0.000379 20 13118.952148 0.000351 18 13118.973633 0.001691 19 13119.046875 0.001672
0.210000 21 2 1774.067505 0.003472 1 1774.075806 0.009566 0 1774.096069 0.006480 3 3600.241699 0.001578 4 3602.304443 0.007268 5 3605.651611 0.008955 6 3610.209717 0.005843 7 6207.521973 0.002110 8 6215.225586 0.004268 9 6217.507324 0.003014 10 6225.895508 0.000754 11 9420.941406 0.000101 13 9421.847656 0.000148 12 9422.247070 0.000239 14 9460.220703 0.000010 16 11256.475586 0.000319 15 11257.148438 0.000313 17 13117.695312 0.000358 18 13118.889648 0.001508 19 13119.082031 0.001492 20 13119.096680 0.000319
0.220000 21 0 1774.150024 0.006485 1 1774.211548 0.009671 2 1774.369995 0.003582 3 3600.965088 0.001587 4 3601.281738 0.006495 5 3602.838623 0.005337 6 3611.517334 0.005146 7 6208.931152 0.001656 8 6214.880859 0.003837 9 6215.955078 0.002702 10 6230.953613 0.000534 13 9422.016602 0.000130 11 9422.151367 0.000079 12 9422.497070 0.000204 14 9443.333984 0.000009 16 11256.435547 0.000283 15 11256.840820 0.000278 17 13118.231445 0.000290 18 13119.003906 0.001338 19 13119.125000 0.001341 20 13119.243164 0.000289
0.230000 21 0 1774.203979 0.006490 1 1774.347290 0.009776 2 1774.672607 0.003693 5 3600.025391 0.001719 4 3600.259277 0.005722 3 3601.688232 0.001596 6 3612.825195 0.004449 7 6210.340820 0.001201 9 6214.402832 0.002389 8 6214.535645 0.003407 10 6236.011719 0.000315 13 9422.186523 0.000112 12 9422.747070 0.000168 11 9423.361328 0.000057 14 9426.448242 0.000009 16 11256.396484 0.000247 15 11256.533203 0.000242 17 13118.766602 0.000222 18 13119.118164 0.001167 19 13119.167969 0.001190 20 13119.388672 0.000259
0.240000 21 0 1774.232178 0.006456 1 1774.413818 0.009738 2 1774.805908 0.003689 5 3597.260742 0.003350 4 3599.986328 0.005866 3 3601.974121 0.001506 6 3613.281494 0.004673 7 6214.437012 0.000850 9 6214.793945 0.002445 8 6215.351562 0.003064 10 6234.432617 0.000442 13 9422.437500 0.000100 12 9422.931641 0.000147 11 9424.063477 0.000050 14 9435.555664 0.000009 16 11256.548828 0.000222 15 11256.745117 0.000213 18 13119.192383 0.001042 19 13119.197266 0.001063 17 13119.290039 0.000204 20 13119.365234 0.000232
0.250000 21 0 1774.253052 0.006411 1 1774.460815 0.009660 2 1774.891357 0.003653 5 3594.509521 0.006462 4 3599.924561 0.006268 3 3602.136719 0.001388 6 3613.497803 0.005157 9 6215.732422 0.002606 8 6216.495117 0.002745 7 6219.290527 0.000529 10 6230.981934 0.000668 13 9422.711914 0.000089 12 9423.098633 0.000131 11 9424.624023 0.000047 14 9451.993164 0.000010 16 11256.754883 0.000200 15 11257.103516 0.000187 19 13119.223633 0.000942 18 13119.254883 0.000930 20 13119.292969 0.000205 17 13119.808594 0.000199
0.260000 21 0 1774.251709 0.006345 1 1774.456421 0.009507 2 1774.883911 0.003557 5 3595.609863 0.008869 4 3600.421143 0.006674 3 3601.927002 0.001273 6 3612.979004 0.005635 9 6216.528809 0.002606 8 6217.148926 0.002601 7 6221.274902 0.000436 10 6228.312500 0.000730 13 9422.994141 0.000078 12 9423.024414 0.000115 11 9424.097656 0.000045 14 9454.616211 0.000010 16 11256.948242 0.000179 15 11257.153320 0.000165 19 13119.231445 0.000835 20 13119.243164 0.000181 18 13119.260742 0.000827 17 13119.791016 0.000184
0.270000 21 0 1774.224121 0.006256 1 1774.391357 0.009265 2 1774.766357 0.003390 5 3601.267090 0.010443 3 3601.276855 0.001162 4 3601.578613 0.007084 6 3611.590332 0.006106 9 6217.156738 0.002417 8 6217.223633 0.002663 7 6219.864258 0.000614 10 6226.567871 0.000597 11 9422.285156 0.000044 12 9422.663086 0.000101 13 9423.286133 0.000066 14 9440.895508 0.000010 15 11256.836914 0.000150 16 11257.127930 0.000158 17 13119.139648 0.000154 18 13119.198242 0.000735 19 13119.218750 0.000745 20 13119.218750 0.000161
0.280000 21 0 1774.192261 0.006167 1 1774.314941 0.009019 2 1774.619751 0.003217 3 3600.698975 0.001071 4 3602.605225 0.007377 5 3606.163086 0.011651 6 3610.360352 0.006457 8 6217.193359 0.002728 9 6217.511719 0.002242 7 6218.396484 0.000777 10 6226.036133 0.000471 11 9420.678711 0.000042 12 9422.333984 0.000087 13 9423.478516 0.000055 14 9431.065430 0.000009 15 11256.582031 0.000133 16 11257.282227 0.000138 17 13118.629883 0.000127 18 13119.154297 0.000647 20 13119.191406 0.000141 19 13119.208008 0.000657
0.290000 21 0 1774.132935 0.006074 1 1774.167114 0.008753 2 1774.288940 0.003015 3 3600.579834 0.001100 4 3602.803467 0.006919 5 3606.223389 0.010531 6 3610.138916 0.006048 9 6216.134766 0.002159 8 6216.498047 0.002804 7 6216.563477 0.000855 10 6233.208008 0.000380 11 9420.386719 0.000034 12 9422.203125 0.000072 13 9423.043945 0.000046 14 9445.946289 0.000006 15 11256.718750 0.000111 16 11257.273438 0.000120 17 13119.020508 0.000116 20 13119.142578 0.000127 19 13119.208008 0.000589 18 13119.225586 0.000579
0.300000 21 2 1773.958130 0.002813 1 1774.019165 0.008487 0 1774.073608 0.005981 3 3600.460938 0.001129 4 3603.001709 0.006461 5 3606.283936 0.009412 6 3609.917236 0.005639 7 6214.730469 0.000932 9 6214.757812 0.002075 8 6215.802246 0.002880 10 6240.379395 0.000290 11 9420.094727 0.000025 12 9422.073242 0.000056 13 9422.608398 0.000036 14 9460.828125 0.000004 15 11256.856445 0.000089 16 11257.264648 0.000101 20 13119.093750 0.000113 19 13119.208984 0.000521 18 13119.295898 0.000512 17 13119.412109 0.000104
0.310000 21 2 1773.608521 0.002715 1 1773.893799 0.008344 0 1774.027466 0.005920 3 3601.055420 0.001175 4 3602.325439 0.005713 5 3606.050049 0.006800 6 3610.603760 0.004935 7 6214.597656 0.000948 9 6215.085449 0.002172 8 6215.541504 0.002906 10 6236.202637 0.000375 11 9421.377930 0.000018 12 9422.437500 0.000045 13 9422.570312 0.000030 14 9450.791016 0.000003 16 11257.224609 0.000087 15 11257.242188 0.000077 20 13119.147461 0.000101 19 13119.219727 0.000467 18 13119.284180 0.000459 17 13119.576172 0.000094
0.320000 21 2 1773.254639 0.002640 1 1773.773438 0.008229 0 1773.984253 0.005866 4 3601.449463 0.004900 3 3601.812988 0.001225 5 3605.748779 0.003846 6 3611.497559 0.004163 7 6214.853027 0.000951 8 6215.379883 0.002920 9 6215.802246 0.002309 10 6229.433594 0.000499 13 9422.623047 0.000024 12 9422.914062 0.000035 11 9423.021484 0.000012 14 9435.063477 0.000004 16 11257.176758 0.000073 15 11257.684570 0.000068 20 13119.223633 0.000090 19 13119.232422 0.000416 18 13119.253906 0.000411 17 13119.687500 0.000086
0.330000 21 2 1773.132690 0.002655 1 1773.730347 0.008211 0 1773.967163 0.005838 4 3600.619385 0.004546 5 3601.515869 0.002915 3 3602.275146 0.001225 6 3612.351318 0.003818 7 6214.880859 0.000954 8 6215.254883 0.002889 9 6216.121582 0.002266 10 6225.910645 0.000500 13 9422.496094 0.000020 12 9423.223633 0.000029 11 9424.462891 0.000008 14 9432.659180 0.000003 16 11257.053711 0.000062 15 11257.518555 0.000060 18 13119.222656 0.000367 19 13119.233398 0.000371 20 13119.278320 0.000081 17 13119.486328 0.000077
0.340000 21 2 1773.250488 0.002761 1 1773.766968 0.008293 0 1773.977295 0.005834 5 3593.224609 0.004070 4 3599.837158 0.004668 3 3602.432129 0.001174 6 3613.163818 0.003914 7 6214.673340 0.000957 8 6215.167480 0.002813 9 6216.031738 0.002037 10 6225.737793 0.000373 13 9422.183594 0.000017 12 9423.360352 0.000025 11 9425.695312 0.000009 14 9444.006836 0.000002 15 11256.724609 0.000053 16 11256.851562 0.000053 17 13118.962891 0.000067 18 13119.190430 0.000328 19 13119.222656 0.000331 20 13119.309570 0.000072
0.350000 21 2 1773.443481 0.002900 1 1773.832642 0.008361 0 1773.962524 0.005841 5 3587.790771 0.005316 4 3599.371826 0.004868 3 3602.572998 0.001132 6 3613.631592 0.004089 7 6214.511719 0.000960 8 6215.059570 0.002726 9 6215.813477 0.001840 10 6226.699219 0.000271 13 9422.135742 0.000015 12 9423.417969 0.000022 11 9426.102539 0.000009 14 9451.052734 0.000001 15 11256.085938 0.000046 16 11256.660156 0.000044 17 13118.632812 0.000059 18 13119.139648 0.000290 19 13119.230469 0.000293 20 13119.275391 0.000064
0.360000 21 0 1773.826904 0.005896 2 1774.003784 0.003196 1 1774.040405 0.008354 5 3596.300781 0.007001 4 3600.452148 0.005448 3 3602.634521 0.001134 6 3612.417236 0.004651 7 6214.573730 0.000962 8 6214.848633 0.002592 9 6214.967773 0.001796 10 6233.192383 0.000296 11 9422.484375 0.000010 12 9423.086914 0.000018 13 9423.384766 0.000014 14 9437.107422 0.000002 15 11256.205078 0.000039 16 11256.524414 0.000038 20 13118.926758 0.000060 18 13119.003906 0.000259 17 13119.250000 0.000059 19 13119.332031 0.000260
0.370000 21 0 1773.691406 0.005951 1 1774.248291 0.008346 2 1774.564209 0.003492 4 3601.532471 0.006029 3 3602.696289 0.001135 5 3604.810791 0.008686 6 3611.203125 0.005212 9 6214.122559 0.001752 7 6214.635742 0.000964 8 6214.638184 0.002458 10 6239.686035 0.000321 11 9418.867188 0.000010 12 9422.756836 0.000014 14 9423.163086 0.000003 13 9424.632812 0.000014 15 11256.323242 0.000033 16 11256.387695 0.000031 20 13118.578125 0.000057 18 13118.867188 0.000227 19 13119.433594 0.000228 17 13119.867188 0.000059
0.380000 21 0 1772.632446 0.005491 1 1774.618896 0.007310 2 1776.535278 0.003634 3 3599.848145 0.001600 4 3601.375000 0.005766 5 3606.220947 0.008013 6 3611.427490 0.005115 7 6212.932129 0.000979 8 6214.357910 0.002116 9 6215.594238 0.001624 10 6236.042969 0.000484 11 9414.738281 0.000009 14 9426.574219 0.000006 12 9426.855469 0.000010 13 9426.986328 0.000013 15 11255.562500 0.000028 16 11256.300781 0.000025 17 13117.655273 0.000062 18 13118.254883 0.000185 19 13120.052734 0.000187 20 13120.670898 0.000062
0.390000 21 0 1771.408203 0.004939 1 1775.018677 0.006089 2 1778.759155 0.003747 3 3596.478760 0.002149 4 3600.996094 0.005352 5 3606.359375 0.006918 6 3611.909424 0.004900 7 6210.912109 0.000996 8 6214.064941 0.001736 9 6217.480469 0.001481 10 6230.584473 0.000671 11 9410.516602 0.000008 13 9429.537109 0.000012 12 9431.746094 0.000006 14 9433.094727 0.000009 15 11254.643555 0.000024 16 11256.223633 0.000019 17 13114.936523 0.000066 18 13117.556641 0.000142 19 13120.763672 0.000144 20 13123.200195 0.000069
