par-text-partials-format
point-type time frequency amplitude
partials-count 58
partials-data
0 18 0.000000 0.394739
0.000000 1744.189453 0.002616 0.023220 1746.658691 0.001585 0.046440 1726.328857 0.000221 0.069660 1730.874023 0.000203 0.092880 1730.916016 0.000202 0.116100 1731.108643 0.000206 0.139320 1731.376709 0.000215 0.162540 1731.240845 0.000223 0.185760 1731.442627 0.000217 0.208980 1731.095093 0.000209 0.232200 1730.821411 0.000197 0.255419 1730.754761 0.000196 0.278639 1730.834473 0.000200 0.301859 1731.227173 0.000208 0.325079 1731.330933 0.000205 0.348299 1731.206787 0.000198 0.371519 1730.610107 0.000816 0.394739 1748.798828 0.001983
1 18 0.000000 0.394739
0.000000 1754.956055 0.005617 0.023220 1762.420044 0.002848 0.046440 1775.437256 0.001048 0.069660 1774.378540 0.000966 0.092880 1774.406616 0.000938 0.116100 1774.356689 0.000981 0.139320 1774.276611 0.001035 0.162540 1774.407837 0.001062 0.185760 1774.232666 0.001061 0.208980 1774.104736 0.001015 0.232200 1773.962158 0.000980 0.255419 1773.891602 0.000967 0.278639 1774.043945 0.000982 0.301859 1774.194702 0.000995 0.325079 1774.305664 0.000989 0.348299 1774.252686 0.000957 0.371519 1733.591675 0.001482 0.394739 1764.632935 0.004503
2 18 0.000000 0.394739
0.000000 1765.722656 0.009687 0.023220 1770.095459 0.014608 0.046440 1773.312012 0.014339 0.069660 1774.382324 0.014142 0.092880 1774.470947 0.013876 0.116100 1774.407349 0.013507 0.139320 1774.227905 0.013100 0.162540 1774.061035 0.012838 0.185760 1774.004517 0.012823 0.208980 1774.090576 0.012929 0.232200 1774.215820 0.012952 0.255419 1774.264404 0.012742 0.278639 1774.200317 0.012330 0.301859 1774.062622 0.011899 0.325079 1773.962280 0.011651 0.348299 1773.985596 0.011635 0.371519 1773.670776 0.011890 0.394739 1770.828003 0.009332
3 18 0.000000 0.394739
0.000000 1776.489258 0.010852 0.023220 1775.173340 0.019343 0.046440 1774.439941 0.021377 0.069660 1774.445190 0.021735 0.092880 1774.633179 0.021445 0.116100 1774.549194 0.020351 0.139320 1774.213989 0.018939 0.162540 1773.842896 0.018086 0.185760 1773.777954 0.018279 0.208980 1774.062012 0.019065 0.232200 1774.377197 0.019551 0.255419 1774.486206 0.019189 0.278639 1774.335083 0.018068 0.301859 1773.991699 0.016836 0.325079 1773.712402 0.016302 0.348299 1773.797241 0.016684 0.371519 1774.279907 0.016651 0.394739 1775.208130 0.010995
4 18 0.000000 0.394739
0.000000 1787.255859 0.007959 0.023220 1780.451904 0.008654 0.046440 1774.762695 0.007724 0.069660 1774.661987 0.008337 0.092880 1775.014038 0.008339 0.116100 1774.923340 0.007594 0.139320 1774.260986 0.006482 0.162540 1773.325928 0.005808 0.185760 1773.186523 0.006105 0.208980 1774.036621 0.006906 0.232200 1774.739136 0.007416 0.255419 1774.937744 0.007250 0.278639 1774.664795 0.006475 0.301859 1773.896606 0.005539 0.325079 1773.074829 0.005193 0.348299 1773.348145 0.005686 0.371519 1774.649292 0.007058 0.394739 1779.813110 0.007585
5 18 0.000000 0.394739
0.000000 1798.022461 0.003873 0.023220 1796.614014 0.001521 0.046440 1786.528564 0.000504 0.069660 1816.558350 0.000371 0.092880 1814.796265 0.000322 0.116100 1815.815063 0.000448 0.139320 1818.295410 0.000567 0.162540 1818.784546 0.000609 0.185760 1818.757935 0.000553 0.208980 1817.967651 0.000426 0.232200 1815.932007 0.000311 0.255419 1814.582275 0.000332 0.278639 1816.657959 0.000441 0.301859 1818.229614 0.000539 0.325079 1818.720215 0.000546 0.348299 1818.588379 0.000471 0.371519 1779.313110 0.000912 0.394739 1795.420654 0.003072
6 18 0.000000 0.394739
0.000000 1808.789062 0.002296 0.023220 1805.690674 0.001118 0.046440 1796.962158 0.000166 0.069660 1816.832153 0.000119 0.092880 1815.980225 0.000111 0.116100 1816.910278 0.000128 0.139320 1817.652588 0.000151 0.162540 1818.252197 0.000157 0.185760 1818.181152 0.000146 0.208980 1817.536133 0.000124 0.232200 1816.467407 0.000105 0.255419 1815.760864 0.000107 0.278639 1816.668579 0.000127 0.301859 1817.757202 0.000141 0.325079 1818.297607 0.000146 0.348299 1817.880615 0.000131 0.371519 1787.818237 0.000545 0.394739 1805.602417 0.001874
7 18 0.000000 0.394739
0.000000 3574.511719 0.003949 0.023220 3578.813477 0.002629 0.046440 3585.016602 0.001640 0.069660 3576.983398 0.000080 0.092880 3586.361816 0.000476 0.116100 3554.366699 0.000657 0.139320 3561.198242 0.000500 0.162540 3559.825439 0.000430 0.185760 3555.388428 0.000305 0.208980 3557.268555 0.000411 0.232200 3560.172852 0.000500 0.255419 3560.129395 0.000402 0.278639 3556.805176 0.000255 0.301859 3555.664551 0.000334 0.325079 3559.965820 0.000407 0.348299 3560.845947 0.000353 0.371519 3556.824707 0.000792 0.394739 3577.817627 0.002010
8 18 0.000000 0.394739
0.000000 3585.278320 0.007055 0.023220 3590.093506 0.007518 0.046440 3601.885254 0.002301 0.069660 3601.615967 0.004123 0.092880 3597.787598 0.003436 0.116100 3602.696289 0.002970 0.139320 3603.288818 0.003314 0.162540 3601.985840 0.002960 0.185760 3600.311523 0.002773 0.208980 3600.167969 0.003147 0.232200 3601.847412 0.003189 0.255419 3602.224854 0.002641 0.278639 3600.715088 0.002128 0.301859 3600.438721 0.002264 0.325079 3602.197754 0.002494 0.348299 3602.562500 0.002259 0.371519 3602.705566 0.002265 0.394739 3594.881836 0.004807
9 18 0.000000 0.394739
0.000000 3596.044922 0.008647 0.023220 3595.488770 0.012922 0.046440 3598.867188 0.016292 0.069660 3602.375732 0.021215 0.092880 3602.724121 0.020168 0.116100 3602.315918 0.014378 0.139320 3599.747314 0.012066 0.162540 3600.631104 0.015618 0.185760 3602.653564 0.017596 0.208980 3602.408691 0.014659 0.232200 3600.034424 0.011079 0.255419 3599.891113 0.012940 0.278639 3602.578369 0.014843 0.301859 3603.038574 0.012721 0.325079 3601.004395 0.008952 0.348299 3599.187988 0.009515 0.371519 3601.696533 0.012205 0.394739 3600.816406 0.010288
10 18 0.000000 0.394739
0.000000 3606.811523 0.008052 0.023220 3600.878174 0.003865 0.046440 3593.491699 0.017993 0.069660 3605.469238 0.031018 0.092880 3605.730957 0.029295 0.116100 3605.321533 0.015245 0.139320 3589.626221 0.004893 0.162540 3602.992676 0.020687 0.185760 3605.816650 0.026659 0.208980 3605.938721 0.018604 0.232200 3599.406738 0.001841 0.255419 3593.018555 0.016258 0.278639 3606.154785 0.023550 0.301859 3606.295166 0.018364 0.325079 3605.595703 0.004681 0.348299 3586.343506 0.010035 0.371519 3606.103760 0.017842 0.394739 3606.424805 0.012768
11 18 0.000000 0.394739
0.000000 3617.578125 0.006850 0.023220 3619.224854 0.007907 0.046440 3615.645020 0.012138 0.069660 3610.222900 0.015912 0.092880 3608.936523 0.014774 0.116100 3609.697021 0.010149 0.139320 3613.452393 0.007942 0.162540 3612.123535 0.011705 0.185760 3609.681396 0.014072 0.208980 3610.076172 0.011800 0.232200 3613.112793 0.008571 0.255419 3613.614990 0.010812 0.278639 3610.390625 0.012995 0.301859 3609.875977 0.011099 0.325079 3611.951660 0.007524 0.348299 3613.838135 0.007969 0.371519 3611.018555 0.010570 0.394739 3612.137939 0.009573
12 18 0.000000 0.394739
0.000000 3628.344727 0.005427 0.023220 3623.165527 0.004956 0.046440 3611.925537 0.002414 0.069660 3612.229492 0.001593 0.092880 3614.133789 0.001461 0.116100 3609.681885 0.001780 0.139320 3608.038330 0.001992 0.162540 3609.572754 0.001769 0.185760 3613.224854 0.001563 0.208980 3613.278564 0.002088 0.232200 3610.684570 0.002424 0.255419 3610.628174 0.002054 0.278639 3612.875977 0.001534 0.301859 3613.315430 0.001712 0.325079 3610.543457 0.001899 0.348299 3609.762451 0.001602 0.371519 3608.892578 0.001571 0.394739 3619.004883 0.004147
13 18 0.000000 0.394739
0.000000 3639.111328 0.003498 0.023220 3637.687256 0.001866 0.046440 3620.770508 0.000389 0.069660 3652.706055 0.000199 0.092880 3660.597412 0.000219 0.116100 3653.130859 0.000409 0.139320 3650.713379 0.000422 0.162540 3651.806885 0.000294 0.185760 3658.311279 0.000156 0.208980 3656.605469 0.000325 0.232200 3652.127197 0.000434 0.255419 3652.008301 0.000331 0.278639 3656.673096 0.000170 0.301859 3658.259033 0.000262 0.325079 3652.524170 0.000357 0.348299 3651.602295 0.000307 0.371519 3655.147949 0.000712 0.394739 3635.309326 0.001882
14 18 0.000000 0.394739
0.000000 3649.877930 0.002327 0.023220 3647.596680 0.001142 0.046440 3632.042969 0.000210 0.069660 3650.819092 0.000073 0.092880 3665.231689 0.000075 0.116100 3651.713867 0.000160 0.139320 3650.086914 0.000170 0.162540 3650.722900 0.000107 0.185760 3659.952148 0.000041 0.208980 3656.798340 0.000120 0.232200 3651.279053 0.000161 0.255419 3651.371338 0.000122 0.278639 3655.983887 0.000046 0.301859 3660.508057 0.000091 0.325079 3651.631592 0.000134 0.348299 3651.121582 0.000112 0.371519 3662.047852 0.000480 0.394739 3647.929443 0.001443
15 18 0.000000 0.394739
0.000000 6136.962891 0.002143 0.023220 6139.371094 0.001359 0.046440 6147.502930 0.000223 0.069660 6148.031738 0.000045 0.092880 6120.363770 0.000016 0.116100 6122.389160 0.000009 0.139320 6133.038574 0.000009 0.162540 6125.171875 0.000007 0.185760 6129.161133 0.000005 0.208980 6127.963867 0.000007 0.232200 6135.001465 0.000005 0.255419 6128.766113 0.000007 0.278639 6125.956055 0.000006 0.301859 6131.622070 0.000005 0.325079 6132.250488 0.000005 0.348299 6128.480469 0.000004 0.371519 6126.268555 0.000060 0.394739 6138.037598 0.000178
16 18 0.000000 0.394739
0.000000 6147.729492 0.002582 0.023220 6148.378418 0.002078 0.046440 6151.073242 0.000506 0.069660 6153.829102 0.000144 0.092880 6165.049805 0.000063 0.116100 6128.188477 0.000017 0.139320 6135.257812 0.000014 0.162540 6161.481445 0.000018 0.185760 6139.052246 0.000012 0.208980 6162.469727 0.000011 0.232200 6140.832031 0.000008 0.255419 6166.599121 0.000012 0.278639 6128.278809 0.000007 0.301859 6131.389648 0.000006 0.325079 6128.276855 0.000004 0.348299 6130.684082 0.000006 0.371519 6134.102539 0.000073 0.394739 6149.312500 0.000205
17 18 0.000000 0.394739
0.000000 6158.496094 0.002663 0.023220 6157.696777 0.001738 0.046440 6147.332031 0.000589 0.069660 6162.075684 0.000454 0.092880 6168.990723 0.000134 0.116100 6176.187012 0.000039 0.139320 6179.196289 0.000031 0.162540 6163.899414 0.000022 0.185760 6176.968750 0.000019 0.208980 6167.171387 0.000015 0.232200 6179.778809 0.000013 0.255419 6170.204102 0.000017 0.278639 6170.118652 0.000014 0.301859 6173.303711 0.000010 0.325079 6174.642090 0.000009 0.348299 6170.500977 0.000009 0.371519 6142.888672 0.000087 0.394739 6160.933105 0.000260
18 18 0.000000 0.394739
0.000000 6169.262695 0.002309 0.023220 6169.681641 0.002096 0.046440 6175.919922 0.001086 0.069660 6172.676758 0.000774 0.092880 6174.882324 0.000314 0.116100 6180.798340 0.000147 0.139320 6184.227539 0.000089 0.162540 6161.033203 0.000058 0.185760 6182.660645 0.000041 0.208980 6162.814941 0.000040 0.232200 6185.146484 0.000028 0.255419 6166.562012 0.000041 0.278639 6170.198242 0.000024 0.301859 6174.248047 0.000020 0.325079 6174.544922 0.000015 0.348299 6171.347168 0.000017 0.371519 6149.119141 0.000097 0.394739 6172.161133 0.000315
19 18 0.000000 0.394739
0.000000 6180.029297 0.001007 0.023220 6178.417969 0.002952 0.046440 6182.322266 0.001510 0.069660 6160.843262 0.000991 0.092880 6182.245605 0.001297 0.116100 6189.521484 0.000732 0.139320 6192.952637 0.000526 0.162540 6197.827148 0.000246 0.185760 6190.901367 0.000239 0.208980 6200.378418 0.000145 0.232200 6191.746094 0.000113 0.255419 6162.642578 0.000112 0.278639 6173.076660 0.000048 0.301859 6171.427734 0.000045 0.325079 6177.132812 0.000036 0.348299 6169.282715 0.000045 0.371519 6201.437988 0.000111 0.394739 6183.586914 0.000456
20 18 0.000000 0.394739
0.000000 6190.795898 0.003629 0.023220 6197.855469 0.005068 0.046440 6194.500000 0.002630 0.069660 6180.855469 0.000936 0.092880 6195.484375 0.001725 0.116100 6187.707031 0.001929 0.139320 6194.347168 0.001611 0.162540 6194.699707 0.002046 0.185760 6200.363770 0.001718 0.208980 6198.461914 0.000900 0.232200 6201.322754 0.000707 0.255419 6210.042480 0.000320 0.278639 6170.434082 0.000185 0.301859 6180.835938 0.000114 0.325079 6211.604492 0.000151 0.348299 6175.841797 0.000107 0.371519 6207.946777 0.000248 0.394739 6191.366211 0.000732
21 18 0.000000 0.394739
0.000000 6201.562500 0.009636 0.023220 6206.812012 0.014536 0.046440 6209.966797 0.008120 0.069660 6215.508301 0.005131 0.092880 6218.024902 0.004450 0.116100 6212.369629 0.003596 0.139320 6217.797852 0.004416 0.162540 6207.888672 0.003244 0.185760 6188.261719 0.002392 0.208980 6207.377930 0.004304 0.232200 6210.650879 0.002196 0.255419 6221.920898 0.000709 0.278639 6218.645996 0.001530 0.301859 6214.389648 0.001888 0.325079 6214.982910 0.001900 0.348299 6214.500977 0.001914 0.371519 6214.645020 0.001924 0.394739 6209.955078 0.002004
22 18 0.000000 0.394739
0.000000 6212.329102 0.013747 0.023220 6213.240234 0.024613 0.046440 6213.912598 0.022292 0.069660 6215.104004 0.015517 0.092880 6214.827637 0.012288 0.116100 6214.629395 0.011472 0.139320 6215.150391 0.010706 0.162540 6215.013672 0.008052 0.185760 6217.751953 0.007425 0.208980 6215.260742 0.008604 0.232200 6214.459961 0.006608 0.255419 6217.114746 0.005133 0.278639 6217.288086 0.005422 0.301859 6215.672852 0.005774 0.325079 6215.297852 0.005841 0.348299 6215.095215 0.005485 0.371519 6214.605957 0.004864 0.394739 6213.926270 0.003104
23 18 0.000000 0.394739
0.000000 6223.095703 0.012898 0.023220 6219.309570 0.018126 0.046440 6215.759766 0.015639 0.069660 6216.341797 0.012370 0.092880 6213.042969 0.006101 0.116100 6213.210449 0.009390 0.139320 6217.623535 0.008141 0.162540 6214.051758 0.005742 0.185760 6215.870117 0.007332 0.208980 6217.665527 0.006078 0.232200 6214.061523 0.004629 0.255419 6216.241211 0.005372 0.278639 6217.699219 0.004496 0.301859 6214.501953 0.004110 0.325079 6216.166016 0.004746 0.348299 6215.957031 0.003686 0.371519 6213.994141 0.003482 0.394739 6218.374512 0.002819
24 18 0.000000 0.394739
0.000000 6233.862305 0.008322 0.023220 6229.158203 0.005215 0.046440 6250.103027 0.001550 0.069660 6225.501465 0.003936 0.092880 6229.702637 0.002540 0.116100 6231.880371 0.003059 0.139320 6226.933594 0.002407 0.162540 6235.396973 0.000889 0.185760 6229.901855 0.002137 0.208980 6225.379395 0.001549 0.232200 6237.124023 0.000531 0.255419 6229.111816 0.001577 0.278639 6225.060547 0.000963 0.301859 6241.712891 0.000546 0.325079 6225.995605 0.001123 0.348299 6225.594727 0.000533 0.371519 6240.672363 0.000648 0.394739 6227.997559 0.001516
25 18 0.000000 0.394739
0.000000 6244.628906 0.004283 0.023220 6241.038086 0.003119 0.046440 6231.632324 0.001228 0.069660 6234.084961 0.000728 0.092880 6231.977539 0.001099 0.116100 6229.776367 0.000671 0.139320 6233.119629 0.000626 0.162540 6227.797852 0.000648 0.185760 6229.710449 0.000299 0.208980 6234.056152 0.000409 0.232200 6227.183105 0.000446 0.255419 6230.073242 0.000211 0.278639 6235.109375 0.000355 0.301859 6227.558105 0.000312 0.325079 6233.719238 0.000134 0.348299 6231.766113 0.000242 0.371519 6223.288086 0.000283 0.394739 6236.720703 0.000627
26 18 0.000000 0.394739
0.000000 6255.395508 0.002685 0.023220 6252.784180 0.001186 0.046440 6236.852539 0.000213 0.069660 6255.326172 0.000068 0.092880 6257.125000 0.000119 0.116100 6268.536133 0.000079 0.139320 6241.540527 0.000060 0.162540 6265.990723 0.000112 0.185760 6265.357422 0.000033 0.208980 6246.658691 0.000057 0.232200 6266.030273 0.000076 0.255419 6259.505371 0.000027 0.278639 6252.792969 0.000047 0.301859 6263.879395 0.000050 0.325079 6259.951660 0.000011 0.348299 6253.862793 0.000038 0.371519 6266.885254 0.000162 0.394739 6253.498535 0.000427
27 18 0.000000 0.394739
0.000000 9366.943359 0.002000 0.023220 9367.113281 0.001101 0.046440 9353.618164 0.000152 0.069660 9367.446289 0.000195 0.092880 9375.514648 0.000073 0.116100 9385.422852 0.000020 0.139320 9376.325195 0.000021 0.162540 9379.409180 0.000013 0.185760 9387.535156 0.000008 0.208980 9366.756836 0.000003 0.232200 9360.996094 0.000002 0.255419 9356.702148 0.000001 0.278639 9373.778320 0.000001 0.301859 9364.946289 0.000003 0.325079 9375.674805 0.000001 0.348299 9374.425781 0.000003 0.371519 9372.425781 0.000007 0.394739 9367.997070 0.000019
28 18 0.000000 0.394739
0.000000 9377.709961 0.002113 0.023220 9376.827148 0.000922 0.046440 9373.506836 0.000294 0.069660 9385.458984 0.000254 0.092880 9367.433594 0.000018 0.116100 9382.067383 0.000095 0.139320 9385.349609 0.000080 0.162540 9387.156250 0.000040 0.185760 9391.491211 0.000015 0.208980 9389.589844 0.000007 0.232200 9379.843750 0.000006 0.255419 9381.541992 0.000003 0.278639 9377.625000 0.000002 0.301859 9367.014648 0.000001 0.325079 9375.765625 0.000003 0.348299 9374.860352 0.000002 0.371519 9360.541016 0.000006 0.394739 9376.661133 0.000019
29 18 0.000000 0.394739
0.000000 9388.476562 0.002705 0.023220 9393.738281 0.001279 0.046440 9400.808594 0.000965 0.069660 9389.123047 0.000525 0.092880 9399.626953 0.000075 0.116100 9386.431641 0.000148 0.139320 9388.672852 0.000224 0.162540 9390.662109 0.000110 0.185760 9396.911133 0.000014 0.208980 9369.424805 0.000002 0.232200 9401.055664 0.000006 0.255419 9386.569336 0.000001 0.278639 9371.343750 0.000003 0.301859 9390.983398 0.000004 0.325079 9381.691406 0.000002 0.348299 9373.244141 0.000002 0.371519 9391.824219 0.000008 0.394739 9389.529297 0.000019
30 18 0.000000 0.394739
0.000000 9399.243164 0.005030 0.023220 9402.679688 0.002682 0.046440 9382.279297 0.000406 0.069660 9407.829102 0.001088 0.092880 9386.726562 0.000057 0.116100 9380.732422 0.000239 0.139320 9397.722656 0.000094 0.162540 9398.818359 0.000210 0.185760 9397.750000 0.000027 0.208980 9411.266602 0.000037 0.232200 9418.966797 0.000017 0.255419 9414.884766 0.000010 0.278639 9399.755859 0.000011 0.301859 9413.143555 0.000009 0.325079 9418.169922 0.000007 0.348299 9408.610352 0.000002 0.371519 9418.344727 0.000007 0.394739 9400.796875 0.000021
31 18 0.000000 0.394739
0.000000 9410.009766 0.009342 0.023220 9415.094727 0.009501 0.046440 9419.907227 0.005760 0.069660 9421.876953 0.002422 0.092880 9426.365234 0.001809 0.116100 9421.907227 0.001245 0.139320 9423.269531 0.000834 0.162540 9422.002930 0.000371 0.185760 9426.270508 0.000323 0.208980 9420.818359 0.000206 0.232200 9423.626953 0.000105 0.255419 9424.927734 0.000091 0.278639 9420.718750 0.000087 0.301859 9420.040039 0.000047 0.325079 9423.856445 0.000017 0.348299 9426.717773 0.000018 0.371519 9418.317383 0.000020 0.394739 9408.516602 0.000015
32 18 0.000000 0.394739
0.000000 9420.776367 0.012282 0.023220 9421.769531 0.018090 0.046440 9422.358398 0.013163 0.069660 9423.008789 0.007595 0.092880 9423.619141 0.004925 0.116100 9423.223633 0.003397 0.139320 9423.386719 0.002134 0.162540 9423.614258 0.001223 0.185760 9423.379883 0.000748 0.208980 9422.221680 0.000485 0.232200 9422.801758 0.000320 0.255419 9423.189453 0.000243 0.278639 9422.351562 0.000178 0.301859 9422.048828 0.000106 0.325079 9423.156250 0.000060 0.348299 9423.473633 0.000044 0.371519 9422.707031 0.000026 0.394739 9434.064453 0.000008
33 18 0.000000 0.394739
0.000000 9431.542969 0.011196 0.023220 9428.209961 0.014069 0.046440 9424.787109 0.008806 0.069660 9422.773438 0.005338 0.092880 9422.780273 0.003435 0.116100 9423.424805 0.002482 0.139320 9424.177734 0.001621 0.162540 9423.977539 0.000899 0.185760 9422.805664 0.000473 0.208980 9421.830078 0.000298 0.232200 9422.223633 0.000216 0.255419 9422.860352 0.000166 0.278639 9423.538086 0.000112 0.301859 9422.527344 0.000069 0.325079 9422.650391 0.000042 0.348299 9421.923828 0.000029 0.371519 9424.822266 0.000028 0.394739 9430.746094 0.000024
34 18 0.000000 0.394739
0.000000 9442.309570 0.007159 0.023220 9437.359375 0.004752 0.046440 9429.069336 0.001181 0.069660 9421.598633 0.000721 0.092880 9421.759766 0.000299 0.116100 9421.191406 0.000350 0.139320 9425.881836 0.000302 0.162540 9426.248047 0.000165 0.185760 9424.795898 0.000071 0.208980 9461.943359 0.000019 0.232200 9422.734375 0.000018 0.255419 9460.901367 0.000020 0.278639 9429.041016 0.000019 0.301859 9463.594727 0.000006 0.325079 9427.075195 0.000007 0.348299 9453.424805 0.000002 0.371519 9421.043945 0.000006 0.394739 9436.185547 0.000022
35 18 0.000000 0.394739
0.000000 9453.076172 0.003803 0.023220 9450.031250 0.002154 0.046440 9436.003906 0.000383 0.069660 9467.365234 0.000062 0.092880 9466.404297 0.000142 0.116100 9464.315430 0.000056 0.139320 9465.607422 0.000040 0.162540 9467.773438 0.000039 0.185760 9466.597656 0.000015 0.208980 9471.036133 0.000011 0.232200 9456.392578 0.000007 0.255419 9432.264648 0.000005 0.278639 9455.314453 0.000005 0.301859 9474.104492 0.000004 0.325079 9453.967773 0.000004 0.348299 9453.406250 0.000000 0.371519 9435.976562 0.000005 0.394739 9453.806641 0.000018
36 18 0.000000 0.394739
0.000000 9463.842773 0.002605 0.023220 9461.667969 0.001255 0.046440 9445.669922 0.000171 0.069660 9467.101562 0.000115 0.092880 9461.662109 0.000055 0.116100 9466.682617 0.000019 0.139320 9466.801758 0.000020 0.162540 9468.500000 0.000012 0.185760 9468.988281 0.000008 0.208980 9459.174805 0.000002 0.232200 9461.305664 0.000002 0.255419 9465.430664 0.000002 0.278639 9453.626953 0.000001 0.301859 9460.444336 0.000002 0.325079 9462.738281 0.000002 0.348299 9454.630859 0.000002 0.371519 9465.310547 0.000009 0.394739 9464.429688 0.000020
37 18 0.000000 0.394739
0.000000 11229.565430 0.002002 0.023220 11232.847656 0.001176 0.046440 11245.432617 0.000275 0.069660 11209.477539 0.000262 0.092880 11224.144531 0.000132 0.116100 11236.858398 0.000076 0.139320 11222.758789 0.000142 0.162540 11212.158203 0.000141 0.185760 11224.441406 0.000148 0.208980 11235.109375 0.000048 0.232200 11232.705078 0.000020 0.255419 11249.114258 0.000033 0.278639 11232.917969 0.000015 0.301859 11241.107422 0.000018 0.325079 11245.278320 0.000004 0.348299 11230.845703 0.000004 0.371519 11211.285156 0.000009 0.394739 11231.648438 0.000020
38 18 0.000000 0.394739
0.000000 11240.332031 0.004022 0.023220 11245.970703 0.003490 0.046440 11252.876953 0.001369 0.069660 11259.734375 0.000867 0.092880 11255.494141 0.000926 0.116100 11255.882812 0.000726 0.139320 11254.562500 0.000438 0.162540 11258.784180 0.000313 0.185760 11252.304688 0.000248 0.208980 11220.208008 0.000127 0.232200 11251.914062 0.000112 0.255419 11218.804688 0.000043 0.278639 11253.665039 0.000085 0.301859 11251.280273 0.000025 0.325079 11223.328125 0.000028 0.348299 11252.312500 0.000026 0.371519 11257.851562 0.000008 0.394739 11254.755859 0.000029
39 18 0.000000 0.394739
0.000000 11251.098633 0.005861 0.023220 11253.333984 0.008588 0.046440 11255.414062 0.006595 0.069660 11256.894531 0.004894 0.092880 11256.443359 0.003932 0.116100 11256.112305 0.002948 0.139320 11256.302734 0.002036 0.162540 11256.621094 0.001421 0.185760 11256.380859 0.000937 0.208980 11257.179688 0.000632 0.232200 11256.465820 0.000468 0.255419 11257.297852 0.000343 0.278639 11256.563477 0.000272 0.301859 11256.881836 0.000169 0.325079 11257.909180 0.000126 0.348299 11256.065430 0.000094 0.371519 11256.341797 0.000063 0.394739 11254.208008 0.000043
40 18 0.000000 0.394739
0.000000 11261.865234 0.005864 0.023220 11259.365234 0.008333 0.046440 11257.165039 0.006604 0.069660 11256.360352 0.004957 0.092880 11256.466797 0.003873 0.116100 11256.634766 0.002913 0.139320 11256.494141 0.002044 0.162540 11256.560547 0.001436 0.185760 11256.842773 0.000971 0.208980 11256.479492 0.000643 0.232200 11256.387695 0.000477 0.255419 11256.866211 0.000376 0.278639 11257.283203 0.000280 0.301859 11257.262695 0.000195 0.325079 11257.153320 0.000132 0.348299 11256.683594 0.000091 0.371519 11256.367188 0.000060 0.394739 11256.186523 0.000032
41 18 0.000000 0.394739
0.000000 11272.631836 0.004055 0.023220 11266.876953 0.002973 0.046440 11257.607422 0.001338 0.069660 11256.257812 0.001009 0.092880 11255.748047 0.000836 0.116100 11257.964844 0.000685 0.139320 11256.561523 0.000423 0.162540 11256.240234 0.000345 0.185760 11257.845703 0.000237 0.208980 11256.366211 0.000128 0.232200 11254.257812 0.000098 0.255419 11257.143555 0.000094 0.278639 11258.007812 0.000073 0.301859 11257.867188 0.000050 0.325079 11257.297852 0.000032 0.348299 11256.768555 0.000020 0.371519 11257.041992 0.000016 0.394739 11257.787109 0.000007
42 18 0.000000 0.394739
0.000000 11283.398438 0.002214 0.023220 11281.396484 0.001214 0.046440 11266.247070 0.000203 0.069660 11297.255859 0.000185 0.092880 11302.521484 0.000112 0.116100 11294.498047 0.000089 0.139320 11303.639648 0.000084 0.162540 11299.332031 0.000038 0.185760 11297.515625 0.000036 0.208980 11301.339844 0.000030 0.232200 11301.397461 0.000016 0.255419 11297.362305 0.000009 0.278639 11299.827148 0.000009 0.301859 11300.342773 0.000007 0.325079 11300.157227 0.000005 0.348299 11300.472656 0.000003 0.371519 11269.716797 0.000003 0.394739 11290.044922 0.000008
43 18 0.000000 0.394739
0.000000 13059.887695 0.002031 0.023220 13060.798828 0.000895 0.046440 13042.707031 0.000099 0.069660 13070.810547 0.000097 0.092880 13054.208984 0.000088 0.116100 13059.955078 0.000132 0.139320 13069.663086 0.000048 0.162540 13072.788086 0.000046 0.185760 13058.019531 0.000012 0.208980 13059.923828 0.000024 0.232200 13071.803711 0.000016 0.255419 13073.808594 0.000009 0.278639 13072.625977 0.000003 0.301859 13038.821289 0.000003 0.325079 13074.941406 0.000003 0.348299 13079.004883 0.000001 0.371519 13045.133789 0.000008 0.394739 13062.100586 0.000022
44 18 0.000000 0.394739
0.000000 13070.654297 0.002576 0.023220 13073.190430 0.001172 0.046440 13086.832031 0.000199 0.069660 13074.447266 0.000091 0.092880 13075.564453 0.000129 0.116100 13068.345703 0.000104 0.139320 13067.756836 0.000084 0.162540 13074.717773 0.000041 0.185760 13087.640625 0.000019 0.208980 13075.911133 0.000035 0.232200 13070.930664 0.000006 0.255419 13063.631836 0.000009 0.278639 13077.574219 0.000006 0.301859 13049.476562 0.000003 0.325079 13082.106445 0.000004 0.348299 13078.952148 0.000005 0.371519 13057.214844 0.000007 0.394739 13072.247070 0.000025
45 18 0.000000 0.394739
0.000000 13081.420898 0.003687 0.023220 13084.355469 0.001979 0.046440 13096.854492 0.000330 0.069660 13082.126953 0.000222 0.092880 13085.650391 0.000029 0.116100 13061.950195 0.000163 0.139320 13080.324219 0.000174 0.162540 13073.180664 0.000124 0.185760 13080.555664 0.000114 0.208980 13080.402344 0.000048 0.232200 13062.279297 0.000008 0.255419 13077.989258 0.000051 0.278639 13081.704102 0.000033 0.301859 13075.149414 0.000017 0.325079 13080.764648 0.000014 0.348299 13092.596680 0.000004 0.371519 13087.142578 0.000017 0.394739 13081.916992 0.000035
46 18 0.000000 0.394739
0.000000 13092.187500 0.005961 0.023220 13094.858398 0.003396 0.046440 13110.635742 0.000648 0.069660 13071.026367 0.000563 0.092880 13079.992188 0.000421 0.116100 13084.010742 0.000219 0.139320 13109.087891 0.000306 0.162540 13083.593750 0.000141 0.185760 13109.474609 0.000157 0.208980 13082.771484 0.000092 0.232200 13074.932617 0.000136 0.255419 13085.646484 0.000015 0.278639 13107.025391 0.000054 0.301859 13079.401367 0.000030 0.325079 13071.116211 0.000024 0.348299 13081.230469 0.000033 0.371519 13072.484375 0.000017 0.394739 13093.163086 0.000039
47 18 0.000000 0.394739
0.000000 13102.954102 0.011424 0.023220 13108.563477 0.009334 0.046440 13115.863281 0.003560 0.069660 13122.534180 0.002033 0.092880 13120.315430 0.002212 0.116100 13117.718750 0.002044 0.139320 13119.586914 0.001227 0.162540 13118.901367 0.001076 0.185760 13120.307617 0.000799 0.208980 13117.640625 0.000727 0.232200 13118.884766 0.000412 0.255419 13120.089844 0.000394 0.278639 13118.576172 0.000257 0.301859 13119.485352 0.000203 0.325079 13119.744141 0.000162 0.348299 13118.528320 0.000118 0.371519 13119.960938 0.000119 0.394739 13113.647461 0.000135
48 18 0.000000 0.394739
0.000000 13113.720703 0.016420 0.023220 13116.063477 0.024064 0.046440 13118.417969 0.018483 0.069660 13120.125000 0.013588 0.092880 13119.748047 0.011107 0.116100 13119.068359 0.008703 0.139320 13119.160156 0.006482 0.162540 13119.199219 0.004981 0.185760 13119.125000 0.003897 0.208980 13118.877930 0.003044 0.232200 13119.143555 0.002254 0.255419 13119.289062 0.001734 0.278639 13119.144531 0.001309 0.301859 13119.309570 0.000996 0.325079 13119.238281 0.000770 0.348299 13119.163086 0.000590 0.371519 13118.846680 0.000443 0.394739 13117.225586 0.000243
49 18 0.000000 0.394739
0.000000 13124.487305 0.016231 0.023220 13122.026367 0.024084 0.046440 13120.273438 0.019945 0.069660 13119.715820 0.015053 0.092880 13119.667969 0.011488 0.116100 13119.333984 0.008702 0.139320 13119.138672 0.006549 0.162540 13119.072266 0.004963 0.185760 13118.997070 0.003858 0.208980 13119.078125 0.003008 0.232200 13119.177734 0.002309 0.255419 13119.237305 0.001749 0.278639 13119.208008 0.001330 0.301859 13119.208984 0.001015 0.325079 13119.239258 0.000779 0.348299 13119.212891 0.000595 0.371519 13119.449219 0.000444 0.394739 13121.100586 0.000248
50 18 0.000000 0.394739
0.000000 13135.253906 0.010958 0.023220 13129.019531 0.008803 0.046440 13121.148438 0.004666 0.069660 13119.659180 0.003628 0.092880 13119.885742 0.002663 0.116100 13119.447266 0.001877 0.139320 13119.184570 0.001401 0.162540 13118.899414 0.001013 0.185760 13118.745117 0.000791 0.208980 13119.082031 0.000642 0.232200 13119.420898 0.000503 0.255419 13119.253906 0.000381 0.278639 13119.198242 0.000285 0.301859 13119.084961 0.000220 0.325079 13119.262695 0.000169 0.348299 13119.334961 0.000129 0.371519 13118.525391 0.000112 0.394739 13124.399414 0.000144
51 18 0.000000 0.394739
0.000000 13146.020508 0.005539 0.023220 13143.843750 0.002914 0.046440 13128.750977 0.000617 0.069660 13162.368164 0.000497 0.092880 13161.813477 0.000383 0.116100 13163.367188 0.000296 0.139320 13162.118164 0.000198 0.162540 13162.763672 0.000171 0.185760 13161.915039 0.000123 0.208980 13162.067383 0.000090 0.232200 13161.872070 0.000072 0.255419 13162.612305 0.000055 0.278639 13162.200195 0.000045 0.301859 13162.220703 0.000032 0.325079 13162.349609 0.000025 0.348299 13162.095703 0.000019 0.371519 13164.821289 0.000029 0.394739 13144.794922 0.000050
52 18 0.000000 0.394739
0.000000 13156.787109 0.003672 0.023220 13154.488281 0.001819 0.046440 13138.724609 0.000233 0.069660 13161.309570 0.000155 0.092880 13163.454102 0.000107 0.116100 13163.210938 0.000089 0.139320 13162.365234 0.000078 0.162540 13161.020508 0.000056 0.185760 13163.150391 0.000038 0.208980 13162.344727 0.000031 0.232200 13162.192383 0.000025 0.255419 13161.603516 0.000020 0.278639 13162.352539 0.000013 0.301859 13162.743164 0.000011 0.325079 13161.745117 0.000008 0.348299 13162.361328 0.000006 0.371519 13172.023438 0.000014 0.394739 13156.362305 0.000042
53 18 0.000000 0.394739
0.000000 13167.553711 0.002801 0.023220 13165.905273 0.001403 0.046440 13148.875977 0.000103 0.069660 13162.895508 0.000080 0.092880 13162.291016 0.000064 0.116100 13162.515625 0.000047 0.139320 13162.590820 0.000032 0.162540 13162.476562 0.000024 0.185760 13162.304688 0.000019 0.208980 13161.500977 0.000014 0.232200 13161.741211 0.000010 0.255419 13162.108398 0.000009 0.278639 13163.068359 0.000007 0.301859 13162.856445 0.000005 0.325079 13161.571289 0.000004 0.348299 13163.638672 0.000003 0.371519 13180.331055 0.000011 0.394739 13166.534180 0.000031
54 18 0.000000 0.394739
0.000000 13178.320312 0.002253 0.023220 13176.945312 0.001161 0.046440 13158.910156 0.000045 0.069660 13162.087891 0.000040 0.092880 13163.236328 0.000028 0.116100 13161.291016 0.000023 0.139320 13163.877930 0.000018 0.162540 13161.576172 0.000013 0.185760 13162.939453 0.000011 0.208980 13161.534180 0.000008 0.232200 13163.009766 0.000007 0.255419 13162.404297 0.000004 0.278639 13161.779297 0.000003 0.301859 13159.729492 0.000003 0.325079 13167.064453 0.000002 0.348299 13198.264648 0.000001 0.371519 13196.240234 0.000009 0.394739 13176.280273 0.000028
55 18 0.000000 0.394739
0.000000 15116.308594 0.001824 0.023220 15116.729492 0.002332 0.046440 15117.483398 0.001566 0.069660 15118.650391 0.000969 0.092880 15119.533203 0.000573 0.116100 15119.544922 0.000370 0.139320 15120.784180 0.000278 0.162540 15118.484375 0.000241 0.185760 15118.472656 0.000189 0.208980 15118.156250 0.000117 0.232200 15118.478516 0.000060 0.255419 15122.531250 0.000037 0.278639 15120.704102 0.000030 0.301859 15119.989258 0.000022 0.325079 15119.514648 0.000014 0.348299 15120.256836 0.000009 0.371519 15121.688477 0.000009 0.394739 15118.829102 0.000014
56 18 0.000000 0.394739
0.000000 17248.095703 0.002203 0.023220 17249.324219 0.003198 0.046440 17251.017578 0.002122 0.069660 17253.939453 0.001401 0.092880 17253.023438 0.001209 0.116100 17253.121094 0.000939 0.139320 17253.429688 0.000790 0.162540 17251.947266 0.000665 0.185760 17251.111328 0.000501 0.208980 17251.662109 0.000363 0.232200 17252.164062 0.000263 0.255419 17252.296875 0.000182 0.278639 17252.650391 0.000120 0.301859 17253.359375 0.000087 0.325079 17252.382812 0.000067 0.348299 17252.542969 0.000044 0.371519 17253.328125 0.000027 0.394739 17255.400391 0.000012
57 18 0.000000 0.394739
0.000000 17258.863281 0.002081 0.023220 17255.878906 0.002670 0.046440 17252.992188 0.001885 0.069660 17252.392578 0.001386 0.092880 17252.902344 0.001107 0.116100 17253.218750 0.000961 0.139320 17253.644531 0.000737 0.162540 17252.208984 0.000505 0.185760 17251.068359 0.000382 0.208980 17251.673828 0.000308 0.232200 17252.521484 0.000231 0.255419 17252.544922 0.000160 0.278639 17252.554688 0.000112 0.301859 17252.771484 0.000081 0.325079 17252.857422 0.000059 0.348299 17252.839844 0.000041 0.371519 17253.523438 0.000031 0.394739 17257.230469 0.000021
